

Block[0][0]:
			[2][0]		[1][0]		[0][0]		[0][1]		[0][2]		
[1][1]:		infi		infi		infi		infi		infi		
			[0][1]		[0][2]		[0][3]		
[1][2]:		infi		infi		infi		
			[0][2]		[0][3]		[0][4]		
[1][3]:		infi		infi		infi		
			[0][3]		[0][4]		[0][5]		[1][5]		[2][5]		
[1][4]:		infi		infi		infi		18.05		18.46		
			[1][5]		[2][5]		[3][5]		
[2][4]:		17.46		17.05		17.46		
			[2][5]		[3][5]		[4][5]		
[3][4]:		16.46		16.05		16.46		
			[3][5]		[4][5]		[5][5]		[5][4]		[5][3]		
[4][4]:		15.46		15.05		15.46		15.05		15.46		
			[5][4]		[5][3]		[5][2]		
[4][3]:		15.87		15.46		15.87		
			[5][3]		[5][2]		[5][1]		
[4][2]:		16.28		15.87		16.28		
			[5][2]		[5][1]		[5][0]		[4][0]		[3][0]		
[4][1]:		16.69		16.28		infi		infi		infi		
			[4][0]		[3][0]		[2][0]		
[3][1]:		infi		infi		infi		
			[3][0]		[2][0]		[1][0]		
[2][1]:		infi		infi		infi		


Block[0][1]:
			[2][4]		[1][4]		[0][4]		[0][5]		[0][6]		
[1][5]:		18.05		17.64		infi		infi		infi		
			[0][5]		[0][6]		[0][7]		
[1][6]:		infi		infi		infi		
			[0][6]		[0][7]		[0][8]		
[1][7]:		infi		infi		infi		
			[0][7]		[0][8]		[0][9]		[1][9]		[2][9]		
[1][8]:		infi		infi		infi		infi		infi		
			[1][9]		[2][9]		[3][9]		
[2][8]:		infi		15.41		15.82		
			[2][9]		[3][9]		[4][9]		
[3][8]:		14.82		14.41		14.82		
			[3][9]		[4][9]		[5][9]		[5][8]		[5][7]		
[4][8]:		13.82		13.41		13.82		13.41		13.82		
			[5][8]		[5][7]		[5][6]		
[4][7]:		14.23		13.82		14.23		
			[5][7]		[5][6]		[5][5]		
[4][6]:		14.64		14.23		14.64		
			[5][6]		[5][5]		[5][4]		[4][4]		[3][4]		
[4][5]:		15.05		14.64		15.05		14.64		15.05		
			[4][4]		[3][4]		[2][4]		
[3][5]:		16.05		15.64		16.05		
			[3][4]		[2][4]		[1][4]		
[2][5]:		17.05		16.64		17.05		


Block[0][2]:
			[2][8]		[1][8]		[0][8]		[0][9]		[0][10]		
[1][9]:		infi		infi		infi		infi		infi		
			[0][9]		[0][10]		[0][11]		
[1][10]:	infi		infi		infi		
			[0][10]		[0][11]		[0][12]		
[1][11]:	infi		infi		infi		
			[0][11]		[0][12]		[0][13]		[1][13]		[2][13]		
[1][12]:	infi		infi		infi		infi		infi		
			[1][13]		[2][13]		[3][13]		
[2][12]:	infi		17.05		17.46		
			[2][13]		[3][13]		[4][13]		
[3][12]:	16.46		16.05		16.46		
			[3][13]		[4][13]		[5][13]		[5][12]		[5][11]		
[4][12]:	15.46		15.05		15.46		15.05		15.46		
			[5][12]		[5][11]		[5][10]		
[4][11]:	15.05		14.64		15.05		
			[5][11]		[5][10]		[5][9]		
[4][10]:	14.64		14.23		14.64		
			[5][10]		[5][9]		[5][8]		[4][8]		[3][8]		
[4][9]:		14.23		13.82		14.23		13.82		14.23		
			[4][8]		[3][8]		[2][8]		
[3][9]:		15.23		14.82		15.23		
			[3][8]		[2][8]		[1][8]		
[2][9]:		16.23		15.82		infi		


Block[0][3]:
			[2][12]		[1][12]		[0][12]		[0][13]		[0][14]		
[1][13]:	infi		infi		infi		infi		infi		
			[0][13]		[0][14]		[0][15]		
[1][14]:	infi		infi		infi		
			[0][14]		[0][15]		[0][16]		
[1][15]:	infi		infi		infi		
			[0][15]		[0][16]		[0][17]		[1][17]		[2][17]		
[1][16]:	infi		infi		infi		20.28		20.69		
			[1][17]		[2][17]		[3][17]		
[2][16]:	19.69		19.28		19.69		
			[2][17]		[3][17]		[4][17]		
[3][16]:	19.28		18.87		19.28		
			[3][17]		[4][17]		[5][17]		[5][16]		[5][15]		
[4][16]:	18.87		18.46		18.87		18.46		18.87		
			[5][16]		[5][15]		[5][14]		
[4][15]:	17.87		17.46		17.87		
			[5][15]		[5][14]		[5][13]		
[4][14]:	16.87		16.46		16.87		
			[5][14]		[5][13]		[5][12]		[4][12]		[3][12]		
[4][13]:	15.87		15.46		15.87		15.46		15.87		
			[4][12]		[3][12]		[2][12]		
[3][13]:	16.87		16.46		16.87		
			[3][12]		[2][12]		[1][12]		
[2][13]:	17.87		17.46		infi		


Block[0][4]:
			[2][16]		[1][16]		[0][16]		[0][17]		[0][18]		
[1][17]:	21.1		20.69		infi		infi		infi		
			[0][17]		[0][18]		[0][19]		
[1][18]:	infi		infi		infi		
			[0][18]		[0][19]		[0][20]		
[1][19]:	infi		infi		infi		
			[0][19]		[0][20]		[0][21]		[1][21]		[2][21]		
[1][20]:	infi		infi		infi		infi		infi		
			[1][21]		[2][21]		[3][21]		
[2][20]:	infi		infi		infi		
			[2][21]		[3][21]		[4][21]		
[3][20]:	infi		infi		infi		
			[3][21]		[4][21]		[5][21]		[5][20]		[5][19]		
[4][20]:	infi		infi		infi		22.46		22.87		
			[5][20]		[5][19]		[5][18]		
[4][19]:	21.87		21.46		21.87		
			[5][19]		[5][18]		[5][17]		
[4][18]:	20.87		20.46		20.87		
			[5][18]		[5][17]		[5][16]		[4][16]		[3][16]		
[4][17]:	19.87		19.46		19.87		19.46		19.87		
			[4][16]		[3][16]		[2][16]		
[3][17]:	20.28		19.87		20.28		
			[3][16]		[2][16]		[1][16]		
[2][17]:	20.69		20.28		20.69		


Block[1][0]:
			[6][0]		[5][0]		[4][0]		[4][1]		[4][2]		
[5][1]:		infi		infi		infi		15.28		15.69		
			[4][1]		[4][2]		[4][3]		
[5][2]:		15.28		14.87		15.28		
			[4][2]		[4][3]		[4][4]		
[5][3]:		14.87		14.46		14.87		
			[4][3]		[4][4]		[4][5]		[5][5]		[6][5]		
[5][4]:		14.46		14.05		14.46		14.05		14.46		
			[5][5]		[6][5]		[7][5]		
[6][4]:		13.46		13.05		13.46		
			[6][5]		[7][5]		[8][5]		
[7][4]:		12.46		12.05		12.46		
			[7][5]		[8][5]		[9][5]		[9][4]		[9][3]		
[8][4]:		11.46		11.05		11.46		11.05		11.46		
			[9][4]		[9][3]		[9][2]		
[8][3]:		11.87		11.46		11.87		
			[9][3]		[9][2]		[9][1]		
[8][2]:		12.87		12.46		12.87		
			[9][2]		[9][1]		[9][0]		[8][0]		[7][0]		
[8][1]:		13.87		13.46		infi		infi		infi		
			[8][0]		[7][0]		[6][0]		
[7][1]:		infi		infi		infi		
			[7][0]		[6][0]		[5][0]		
[6][1]:		infi		infi		infi		


Block[1][1]:
			[6][4]		[5][4]		[4][4]		[4][5]		[4][6]		
[5][5]:		14.05		13.64		14.05		13.64		14.05		
			[4][5]		[4][6]		[4][7]		
[5][6]:		13.64		13.23		13.64		
			[4][6]		[4][7]		[4][8]		
[5][7]:		13.23		12.82		13.23		
			[4][7]		[4][8]		[4][9]		[5][9]		[6][9]		
[5][8]:		12.82		12.41		12.82		12.41		12.82		
			[5][9]		[6][9]		[7][9]		
[6][8]:		11.82		11.41		11.82		
			[6][9]		[7][9]		[8][9]		
[7][8]:		10.82		10.41		10.82		
			[7][9]		[8][9]		[9][9]		[9][8]		[9][7]		
[8][8]:		9.82		9.41		9.82		9.41		9.82		
			[9][8]		[9][7]		[9][6]		
[8][7]:		10.23		9.82		10.23		
			[9][7]		[9][6]		[9][5]		
[8][6]:		10.64		10.23		10.64		
			[9][6]		[9][5]		[9][4]		[8][4]		[7][4]		
[8][5]:		11.05		10.64		11.05		10.64		11.05		
			[8][4]		[7][4]		[6][4]		
[7][5]:		12.05		11.64		12.05		
			[7][4]		[6][4]		[5][4]		
[6][5]:		13.05		12.64		13.05		


Block[1][2]:
			[6][8]		[5][8]		[4][8]		[4][9]		[4][10]		
[5][9]:		13.23		12.82		13.23		12.82		13.23		
			[4][9]		[4][10]		[4][11]		
[5][10]:	13.64		13.23		13.64		
			[4][10]		[4][11]		[4][12]		
[5][11]:	14.05		13.64		14.05		
			[4][11]		[4][12]		[4][13]		[5][13]		[6][13]		
[5][12]:	14.46		14.05		14.46		14.05		14.46		
			[5][13]		[6][13]		[7][13]		
[6][12]:	14.05		13.64		14.05		
			[6][13]		[7][13]		[8][13]		
[7][12]:	13.64		13.23		13.64		
			[7][13]		[8][13]		[9][13]		[9][12]		[9][11]		
[8][12]:	13.23		12.82		13.23		12.82		13.23		
			[9][12]		[9][11]		[9][10]		
[8][11]:	12.23		11.82		12.23		
			[9][11]		[9][10]		[9][9]		
[8][10]:	11.23		10.82		11.23		
			[9][10]		[9][9]		[9][8]		[8][8]		[7][8]		
[8][9]:		10.23		9.82		10.23		9.82		10.23		
			[8][8]		[7][8]		[6][8]		
[7][9]:		11.23		10.82		11.23		
			[7][8]		[6][8]		[5][8]		
[6][9]:		12.23		11.82		12.23		


Block[1][3]:
			[6][12]		[5][12]		[4][12]		[4][13]		[4][14]		
[5][13]:	15.46		15.05		15.46		15.05		15.46		
			[4][13]		[4][14]		[4][15]		
[5][14]:	16.46		16.05		16.46		
			[4][14]		[4][15]		[4][16]		
[5][15]:	17.46		17.05		17.46		
			[4][15]		[4][16]		[4][17]		[5][17]		[6][17]		
[5][16]:	18.46		18.05		18.46		18.05		18.46		
			[5][17]		[6][17]		[7][17]		
[6][16]:	18.05		17.64		18.05		
			[6][17]		[7][17]		[8][17]		
[7][16]:	17.64		17.23		17.64		
			[7][17]		[8][17]		[9][17]		[9][16]		[9][15]		
[8][16]:	17.23		16.82		17.23		16.82		17.23		
			[9][16]		[9][15]		[9][14]		
[8][15]:	16.23		15.82		16.23		
			[9][15]		[9][14]		[9][13]		
[8][14]:	15.23		14.82		15.23		
			[9][14]		[9][13]		[9][12]		[8][12]		[7][12]		
[8][13]:	14.23		13.82		14.23		13.82		14.23		
			[8][12]		[7][12]		[6][12]		
[7][13]:	14.64		14.23		14.64		
			[7][12]		[6][12]		[5][12]		
[6][13]:	15.05		14.64		15.05		


Block[1][4]:
			[6][16]		[5][16]		[4][16]		[4][17]		[4][18]		
[5][17]:	19.46		19.05		19.46		19.05		19.46		
			[4][17]		[4][18]		[4][19]		
[5][18]:	20.46		20.05		20.46		
			[4][18]		[4][19]		[4][20]		
[5][19]:	21.46		21.05		21.46		
			[4][19]		[4][20]		[4][21]		[5][21]		[6][21]		
[5][20]:	21.87		21.46		infi		infi		infi		
			[5][21]		[6][21]		[7][21]		
[6][20]:	infi		infi		infi		
			[6][21]		[7][21]		[8][21]		
[7][20]:	infi		infi		infi		
			[7][21]		[8][21]		[9][21]		[9][20]		[9][19]		
[8][20]:	infi		infi		infi		18.46		18.87		
			[9][20]		[9][19]		[9][18]		
[8][19]:	19.28		18.87		19.28		
			[9][19]		[9][18]		[9][17]		
[8][18]:	19.23		18.82		19.23		
			[9][18]		[9][17]		[9][16]		[8][16]		[7][16]		
[8][17]:	18.23		17.82		18.23		17.82		18.23		
			[8][16]		[7][16]		[6][16]		
[7][17]:	18.64		18.23		18.64		
			[7][16]		[6][16]		[5][16]		
[6][17]:	19.05		18.64		19.05		


Block[2][0]:
			[10][0]		[9][0]		[8][0]		[8][1]		[8][2]		
[9][1]:		infi		infi		infi		13.05		13.46		
			[8][1]		[8][2]		[8][3]		
[9][2]:		12.46		12.05		12.46		
			[8][2]		[8][3]		[8][4]		
[9][3]:		11.46		11.05		11.46		
			[8][3]		[8][4]		[8][5]		[9][5]		[10][5]		
[9][4]:		10.46		10.05		10.46		10.05		10.46		
			[9][5]		[10][5]		[11][5]		
[10][4]:	9.46		9.05		9.46		
			[10][5]		[11][5]		[12][5]		
[11][4]:	8.46		8.05		8.46		
			[11][5]		[12][5]		[13][5]		[13][4]		[13][3]		
[12][4]:	8.05		7.64		8.05		7.64		8.05		
			[13][4]		[13][3]		[13][2]		
[12][3]:	9.05		8.64		9.05		
			[13][3]		[13][2]		[13][1]		
[12][2]:	10.05		9.64		10.05		
			[13][2]		[13][1]		[13][0]		[12][0]		[11][0]		
[12][1]:	11.05		10.64		infi		infi		infi		
			[12][0]		[11][0]		[10][0]		
[11][1]:	infi		infi		infi		
			[11][0]		[10][0]		[9][0]		
[10][1]:	infi		infi		infi		


Block[2][1]:
			[10][4]		[9][4]		[8][4]		[8][5]		[8][6]		
[9][5]:		10.05		9.64		10.05		9.64		10.05		
			[8][5]		[8][6]		[8][7]		
[9][6]:		10.23		9.82		10.23		
			[8][6]		[8][7]		[8][8]		
[9][7]:		9.23		8.82		9.23		
			[8][7]		[8][8]		[8][9]		[9][9]		[10][9]		
[9][8]:		8.82		8.41		8.82		8.41		infi		
			[9][9]		[10][9]		[11][9]		
[10][8]:	infi		infi		infi		
			[10][9]		[11][9]		[12][9]		
[11][8]:	infi		infi		infi		
			[11][9]		[12][9]		[13][9]		[13][8]		[13][7]		
[12][8]:	infi		5.41		5.82		5.41		5.82		
			[13][8]		[13][7]		[13][6]		
[12][7]:	6.23		5.82		6.23		
			[13][7]		[13][6]		[13][5]		
[12][6]:	6.64		6.23		6.64		
			[13][6]		[13][5]		[13][4]		[12][4]		[11][4]		
[12][5]:	7.05		6.64		7.05		6.64		7.05		
			[12][4]		[11][4]		[10][4]		
[11][5]:	8.05		7.64		8.05		
			[11][4]		[10][4]		[9][4]		
[10][5]:	9.05		8.64		9.05		


Block[2][2]:
			[10][8]		[9][8]		[8][8]		[8][9]		[8][10]		
[9][9]:		infi		infi		infi		infi		infi		
			[8][9]		[8][10]		[8][11]		
[9][10]:	infi		infi		infi		
			[8][10]		[8][11]		[8][12]		
[9][11]:	infi		infi		infi		
			[8][11]		[8][12]		[8][13]		[9][13]		[10][13]	
[9][12]:	infi		infi		infi		infi		infi		
			[9][13]		[10][13]	[11][13]	
[10][12]:	infi		infi		infi		
			[10][13]	[11][13]	[12][13]	
[11][12]:	infi		infi		infi		
			[11][13]	[12][13]	[13][13]	[13][12]	[13][11]	
[12][12]:	infi		10.23		10.64		10.23		10.64		
			[13][12]	[13][11]	[13][10]	
[12][11]:	11.05		10.64		infi		
			[13][11]	[13][10]	[13][9]		
[12][10]:	infi		infi		infi		
			[13][10]	[13][9]		[13][8]		[12][8]		[11][8]		
[12][9]:	infi		5			5.41		5			infi		
			[12][8]		[11][8]		[10][8]		
[11][9]:	infi		infi		infi		
			[11][8]		[10][8]		[9][8]		
[10][9]:	infi		infi		infi		


Block[2][3]:
			[10][12]	[9][12]		[8][12]		[8][13]		[8][14]		
[9][13]:	infi		infi		infi		infi		infi		
			[8][13]		[8][14]		[8][15]		
[9][14]:	infi		infi		infi		
			[8][14]		[8][15]		[8][16]		
[9][15]:	infi		infi		infi		
			[8][15]		[8][16]		[8][17]		[9][17]		[10][17]	
[9][16]:	infi		infi		infi		infi		infi		
			[9][17]		[10][17]	[11][17]	
[10][16]:	infi		infi		infi		
			[10][17]	[11][17]	[12][17]	
[11][16]:	infi		12.05		12.46		
			[11][17]	[12][17]	[13][17]	[13][16]	[13][15]	
[12][16]:	11.46		11.05		11.46		11.05		11.46		
			[13][16]	[13][15]	[13][14]	
[12][15]:	11.05		10.64		11.05		
			[13][15]	[13][14]	[13][13]	
[12][14]:	10.64		10.23		10.64		
			[13][14]	[13][13]	[13][12]	[12][12]	[11][12]	
[12][13]:	10.23		9.82		10.23		9.82		infi		
			[12][12]	[11][12]	[10][12]	
[11][13]:	infi		infi		infi		
			[11][12]	[10][12]	[9][12]		
[10][13]:	infi		infi		infi		


Block[2][4]:
			[10][16]	[9][16]		[8][16]		[8][17]		[8][18]		
[9][17]:	infi		20.46		20.87		20.46		20.87		
			[8][17]		[8][18]		[8][19]		
[9][18]:	19.87		19.46		19.87		
			[8][18]		[8][19]		[8][20]		
[9][19]:	18.87		18.46		18.87		
			[8][19]		[8][20]		[8][21]		[9][21]		[10][21]	
[9][20]:	17.87		17.46		infi		infi		infi		
			[9][21]		[10][21]	[11][21]	
[10][20]:	infi		infi		infi		
			[10][21]	[11][21]	[12][21]	
[11][20]:	infi		infi		infi		
			[11][21]	[12][21]	[13][21]	[13][20]	[13][19]	
[12][20]:	infi		infi		infi		15.05		15.46		
			[13][20]	[13][19]	[13][18]	
[12][19]:	14.46		14.05		14.46		
			[13][19]	[13][18]	[13][17]	
[12][18]:	13.46		13.05		13.46		
			[13][18]	[13][17]	[13][16]	[12][16]	[11][16]	
[12][17]:	12.46		12.05		12.46		12.05		12.46		
			[12][16]	[11][16]	[10][16]	
[11][17]:	12.87		12.46		infi		
			[11][16]	[10][16]	[9][16]		
[10][17]:	infi		infi		infi		


Block[3][0]:
			[14][0]		[13][0]		[12][0]		[12][1]		[12][2]		
[13][1]:	infi		infi		infi		10.23		10.64		
			[12][1]		[12][2]		[12][3]		
[13][2]:	9.64		9.23		9.64		
			[12][2]		[12][3]		[12][4]		
[13][3]:	8.64		8.23		8.64		
			[12][3]		[12][4]		[12][5]		[13][5]		[14][5]		
[13][4]:	7.64		7.23		7.64		7.23		7.64		
			[13][5]		[14][5]		[15][5]		
[14][4]:	7.23		6.82		7.23		
			[14][5]		[15][5]		[16][5]		
[15][4]:	6.82		6.41		6.82		
			[15][5]		[16][5]		[17][5]		[17][4]		[17][3]		
[16][4]:	6.41		6			6.41		6			6.41		
			[17][4]		[17][3]		[17][2]		
[16][3]:	7.41		7			7.41		
			[17][3]		[17][2]		[17][1]		
[16][2]:	8.41		8			8.41		
			[17][2]		[17][1]		[17][0]		[16][0]		[15][0]		
[16][1]:	9.41		9			infi		infi		infi		
			[16][0]		[15][0]		[14][0]		
[15][1]:	infi		infi		infi		
			[15][0]		[14][0]		[13][0]		
[14][1]:	infi		infi		infi		


Block[3][1]:
			[14][4]		[13][4]		[12][4]		[12][5]		[12][6]		
[13][5]:	6.64		6.23		6.64		6.23		6.64		
			[12][5]		[12][6]		[12][7]		
[13][6]:	5.64		5.23		5.64		
			[12][6]		[12][7]		[12][8]		
[13][7]:	5.23		4.82		5.23		
			[12][7]		[12][8]		[12][9]		[13][9]		[14][9]		
[13][8]:	4.82		4.41		4.82		4.41		4.82		
			[13][9]		[14][9]		[15][9]		
[14][8]:	3.82		3.41		3.82		
			[14][9]		[15][9]		[16][9]		
[15][8]:	2.82		2.41		2.82		
			[15][9]		[16][9]		[17][9]		[17][8]		[17][7]		
[16][8]:	2.41		2			2.41		2			2.41		
			[17][8]		[17][7]		[17][6]		
[16][7]:	3.41		3			3.41		
			[17][7]		[17][6]		[17][5]		
[16][6]:	4.41		4			4.41		
			[17][6]		[17][5]		[17][4]		[16][4]		[15][4]		
[16][5]:	5.41		5			5.41		5			5.41		
			[16][4]		[15][4]		[14][4]		
[15][5]:	5.82		5.41		5.82		
			[15][4]		[14][4]		[13][4]		
[14][5]:	6.23		5.82		6.23		


Block[3][2]:
			[14][8]		[13][8]		[12][8]		[12][9]		[12][10]	
[13][9]:	4.41		4			4.41		4			infi		
			[12][9]		[12][10]	[12][11]	
[13][10]:	infi		infi		infi		
			[12][10]	[12][11]	[12][12]	
[13][11]:	infi		11.64		12.05		
			[12][11]	[12][12]	[12][13]	[13][13]	[14][13]	
[13][12]:	9.64		9.23		9.64		9.23		9.64		
			[13][13]	[14][13]	[15][13]	
[14][12]:	8.64		8.23		8.64		
			[14][13]	[15][13]	[16][13]	
[15][12]:	8.23		7.82		8.23		
			[15][13]	[16][13]	[17][13]	[17][12]	[17][11]	
[16][12]:	5.82		5.41		5.82		5.41		5.82		
			[17][12]	[17][11]	[17][10]	
[16][11]:	5.41		5			infi		
			[17][11]	[17][10]	[17][9]		
[16][10]:	infi		infi		infi		
			[17][10]	[17][9]		[17][8]		[16][8]		[15][8]		
[16][9]:	infi		1			1.41		1			1.41		
			[16][8]		[15][8]		[14][8]		
[15][9]:	2.41		2			2.41		
			[15][8]		[14][8]		[13][8]		
[14][9]:	3.41		3			3.41		


Block[3][3]:
			[14][12]	[13][12]	[12][12]	[12][13]	[12][14]	
[13][13]:	9.23		8.82		9.23		8.82		9.23		
			[12][13]	[12][14]	[12][15]	
[13][14]:	9.64		9.23		9.64		
			[12][14]	[12][15]	[12][16]	
[13][15]:	10.05		9.64		10.05		
			[12][15]	[12][16]	[12][17]	[13][17]	[14][17]	
[13][16]:	11.05		10.64		11.05		10.64		11.05		
			[13][17]	[14][17]	[15][17]	
[14][16]:	10.64		10.23		10.64		
			[14][17]	[15][17]	[16][17]	
[15][16]:	10.23		9.82		10.23		
			[15][17]	[16][17]	[17][17]	[17][16]	[17][15]	
[16][16]:	9.82		9.41		9.82		9.41		9.82		
			[17][16]	[17][15]	[17][14]	
[16][15]:	8.82		8.41		8.82		
			[17][15]	[17][14]	[17][13]	
[16][14]:	7.82		7.41		7.82		
			[17][14]	[17][13]	[17][12]	[16][12]	[15][12]	
[16][13]:	6.82		6.41		6.82		6.41		6.82		
			[16][12]	[15][12]	[14][12]	
[15][13]:	7.23		6.82		7.23		
			[15][12]	[14][12]	[13][12]	
[14][13]:	8.23		7.82		8.23		


Block[3][4]:
			[14][16]	[13][16]	[12][16]	[12][17]	[12][18]	
[13][17]:	12.05		11.64		12.05		11.64		12.05		
			[12][17]	[12][18]	[12][19]	
[13][18]:	13.05		12.64		13.05		
			[12][18]	[12][19]	[12][20]	
[13][19]:	14.05		13.64		14.05		
			[12][19]	[12][20]	[12][21]	[13][21]	[14][21]	
[13][20]:	15.05		14.64		infi		infi		infi		
			[13][21]	[14][21]	[15][21]	
[14][20]:	infi		infi		infi		
			[14][21]	[15][21]	[16][21]	
[15][20]:	infi		infi		infi		
			[15][21]	[16][21]	[17][21]	[17][20]	[17][19]	
[16][20]:	infi		infi		infi		13.41		13.82		
			[17][20]	[17][19]	[17][18]	
[16][19]:	12.82		12.41		12.82		
			[17][19]	[17][18]	[17][17]	
[16][18]:	11.82		11.41		11.82		
			[17][18]	[17][17]	[17][16]	[16][16]	[15][16]	
[16][17]:	10.82		10.41		10.82		10.41		10.82		
			[16][16]	[15][16]	[14][16]	
[15][17]:	11.23		10.82		11.23		
			[15][16]	[14][16]	[13][16]	
[14][17]:	11.64		11.23		11.64		


Block[4][0]:
			[18][0]		[17][0]		[16][0]		[16][1]		[16][2]		
[17][1]:	infi		infi		infi		9.41		9.82		
			[16][1]		[16][2]		[16][3]		
[17][2]:	8.82		8.41		8.82		
			[16][2]		[16][3]		[16][4]		
[17][3]:	7.82		7.41		7.82		
			[16][3]		[16][4]		[16][5]		[17][5]		[18][5]		
[17][4]:	6.82		6.41		6.82		6.41		6.82		
			[17][5]		[18][5]		[19][5]		
[18][4]:	7.23		6.82		7.23		
			[18][5]		[19][5]		[20][5]		
[19][4]:	7.64		7.23		7.64		
			[19][5]		[20][5]		[21][5]		[21][4]		[21][3]		
[20][4]:	8.05		7.64		infi		infi		infi		
			[21][4]		[21][3]		[21][2]		
[20][3]:	infi		infi		infi		
			[21][3]		[21][2]		[21][1]		
[20][2]:	infi		infi		infi		
			[21][2]		[21][1]		[21][0]		[20][0]		[19][0]		
[20][1]:	infi		infi		infi		infi		infi		
			[20][0]		[19][0]		[18][0]		
[19][1]:	infi		infi		infi		
			[19][0]		[18][0]		[17][0]		
[18][1]:	infi		infi		infi		


Block[4][1]:
			[18][4]		[17][4]		[16][4]		[16][5]		[16][6]		
[17][5]:	5.82		5.41		5.82		5.41		5.82		
			[16][5]		[16][6]		[16][7]		
[17][6]:	4.82		4.41		4.82		
			[16][6]		[16][7]		[16][8]		
[17][7]:	3.82		3.41		3.82		
			[16][7]		[16][8]		[16][9]		[17][9]		[18][9]		
[17][8]:	2.82		2.41		2.82		2.41		2.82		
			[17][9]		[18][9]		[19][9]		
[18][8]:	3.82		3.41		3.82		
			[18][9]		[19][9]		[20][9]		
[19][8]:	4.82		4.41		infi		
			[19][9]		[20][9]		[21][9]		[21][8]		[21][7]		
[20][8]:	infi		infi		infi		infi		infi		
			[21][8]		[21][7]		[21][6]		
[20][7]:	infi		infi		infi		
			[21][7]		[21][6]		[21][5]		
[20][6]:	infi		infi		infi		
			[21][6]		[21][5]		[21][4]		[20][4]		[19][4]		
[20][5]:	infi		infi		infi		7.23		7.64		
			[20][4]		[19][4]		[18][4]		
[19][5]:	6.64		6.23		6.64		
			[19][4]		[18][4]		[17][4]		
[18][5]:	6.23		5.82		6.23		


Block[4][2]:
			[18][8]		[17][8]		[16][8]		[16][9]		[16][10]	
[17][9]:	2.41		2			2.41		2			infi		
			[16][9]		[16][10]	[16][11]	
[17][10]:	infi		infi		infi		
			[16][10]	[16][11]	[16][12]	
[17][11]:	infi		4			4.41		
			[16][11]	[16][12]	[16][13]	[17][13]	[18][13]	
[17][12]:	5.41		5			5.41		5			5.41		
			[17][13]	[18][13]	[19][13]	
[18][12]:	5.82		5.41		5.82		
			[18][13]	[19][13]	[20][13]	
[19][12]:	6.23		5.82		infi		
			[19][13]	[20][13]	[21][13]	[21][12]	[21][11]	
[20][12]:	infi		infi		infi		infi		infi		
			[21][12]	[21][11]	[21][10]	
[20][11]:	infi		infi		infi		
			[21][11]	[21][10]	[21][9]		
[20][10]:	infi		infi		infi		
			[21][10]	[21][9]		[21][8]		[20][8]		[19][8]		
[20][9]:	infi		infi		infi		infi		infi		
			[20][8]		[19][8]		[18][8]		
[19][9]:	infi		4			4.41		
			[19][8]		[18][8]		[17][8]		
[18][9]:	3.41		3			3.41		


Block[4][3]:
			[18][12]	[17][12]	[16][12]	[16][13]	[16][14]	
[17][13]:	6.41		6			6.41		6			6.41		
			[16][13]	[16][14]	[16][15]	
[17][14]:	7.41		7			7.41		
			[16][14]	[16][15]	[16][16]	
[17][15]:	8.41		8			8.41		
			[16][15]	[16][16]	[16][17]	[17][17]	[18][17]	
[17][16]:	9.41		9			9.41		9			9.41		
			[17][17]	[18][17]	[19][17]	
[18][16]:	9.82		9.41		9.82		
			[18][17]	[19][17]	[20][17]	
[19][16]:	10.23		9.82		10.23		
			[19][17]	[20][17]	[21][17]	[21][16]	[21][15]	
[20][16]:	11.23		10.82		infi		infi		infi		
			[21][16]	[21][15]	[21][14]	
[20][15]:	infi		infi		infi		
			[21][15]	[21][14]	[21][13]	
[20][14]:	infi		infi		infi		
			[21][14]	[21][13]	[21][12]	[20][12]	[19][12]	
[20][13]:	infi		infi		infi		infi		infi		
			[20][12]	[19][12]	[18][12]	
[19][13]:	infi		6.82		7.23		
			[19][12]	[18][12]	[17][12]	
[18][13]:	6.82		6.41		6.82		


Block[4][4]:
			[18][16]	[17][16]	[16][16]	[16][17]	[16][18]	
[17][17]:	10.41		10			10.41		10			10.41		
			[16][17]	[16][18]	[16][19]	
[17][18]:	11.41		11			11.41		
			[16][18]	[16][19]	[16][20]	
[17][19]:	12.41		12			12.41		
			[16][19]	[16][20]	[16][21]	[17][21]	[18][21]	
[17][20]:	13.41		13			infi		infi		infi		
			[17][21]	[18][21]	[19][21]	
[18][20]:	infi		infi		infi		
			[18][21]	[19][21]	[20][21]	
[19][20]:	infi		infi		infi		
			[19][21]	[20][21]	[21][21]	[21][20]	[21][19]	
[20][20]:	infi		infi		infi		infi		infi		
			[21][20]	[21][19]	[21][18]	
[20][19]:	infi		infi		infi		
			[21][19]	[21][18]	[21][17]	
[20][18]:	infi		infi		infi		
			[21][18]	[21][17]	[21][16]	[20][16]	[19][16]	
[20][17]:	infi		infi		infi		11.23		11.64		
			[20][16]	[19][16]	[18][16]	
[19][17]:	11.23		10.82		11.23		
			[19][16]	[18][16]	[17][16]	
[18][17]:	10.82		10.41		10.82		

