
Block[0][0]:
FROM[0][0]:
TO:			[0]			[1]			[2]			[3]			
[0]:		0			-1			-1			-1			
[1]:		1			-1			-1			-1			
[2]:		2			-1			-1			-1			
[3]:		3			-1			-1			-1			

FROM[0][1]:
TO:			[0]			[1]			[2]			[3]			
[0]:		-1			0			-1			-1			
[1]:		-1			-1			-1			-1			
[2]:		-1			-1			-1			-1			
[3]:		-1			-1			-1			-1			

FROM[0][2]:
TO:			[0]			[1]			[2]			[3]			
[0]:		-1			-1			0			-1			
[1]:		-1			-1			-1			-1			
[2]:		-1			-1			-1			-1			
[3]:		-1			-1			-1			-1			

FROM[0][3]:
TO:			[0]			[1]			[2]			[3]			
[0]:		-1			-1			-1			0			
[1]:		-1			-1			-1			1			
[2]:		-1			-1			-1			2			
[3]:		-1			-1			3.41		3			

FROM[1][0]:
TO:			[0]			[1]			[2]			[3]			
[0]:		1			-1			-1			-1			
[1]:		0			-1			-1			-1			
[2]:		1			-1			-1			-1			
[3]:		2			-1			-1			-1			

FROM[1][1]:
TO:			[0]			[1]			[2]			[3]			
[0]:		-1			-1			-1			-1			
[1]:		-1			-1			-1			-1			
[2]:		-1			-1			-1			-1			
[3]:		-1			-1			-1			-1			

FROM[1][2]:
TO:			[0]			[1]			[2]			[3]			
[0]:		-1			-1			-1			-1			
[1]:		-1			-1			-1			-1			
[2]:		-1			-1			-1			-1			
[3]:		-1			-1			-1			-1			

FROM[1][3]:
TO:			[0]			[1]			[2]			[3]			
[0]:		-1			-1			-1			1			
[1]:		-1			-1			-1			0			
[2]:		-1			-1			-1			1			
[3]:		-1			-1			2.41		2			

FROM[2][0]:
TO:			[0]			[1]			[2]			[3]			
[0]:		2			-1			-1			-1			
[1]:		1			-1			-1			-1			
[2]:		0			-1			-1			-1			
[3]:		1			-1			-1			-1			

FROM[2][1]:
TO:			[0]			[1]			[2]			[3]			
[0]:		-1			-1			-1			-1			
[1]:		-1			-1			-1			-1			
[2]:		-1			-1			-1			-1			
[3]:		-1			-1			-1			-1			

FROM[2][2]:
TO:			[0]			[1]			[2]			[3]			
[0]:		-1			-1			-1			-1			
[1]:		-1			-1			-1			-1			
[2]:		-1			-1			-1			-1			
[3]:		-1			-1			-1			-1			

FROM[2][3]:
TO:			[0]			[1]			[2]			[3]			
[0]:		-1			-1			-1			2			
[1]:		-1			-1			-1			1			
[2]:		-1			-1			-1			0			
[3]:		-1			-1			1.41		1			

FROM[3][0]:
TO:			[0]			[1]			[2]			[3]			
[0]:		3			-1			-1			-1			
[1]:		2			-1			-1			-1			
[2]:		1			-1			-1			-1			
[3]:		0			-1			-1			-1			

FROM[3][1]:
TO:			[0]			[1]			[2]			[3]			
[0]:		-1			-1			-1			-1			
[1]:		-1			-1			-1			-1			
[2]:		-1			-1			-1			-1			
[3]:		-1			0			-1			-1			

FROM[3][2]:
TO:			[0]			[1]			[2]			[3]			
[0]:		-1			-1			-1			3.41		
[1]:		-1			-1			-1			2.41		
[2]:		-1			-1			-1			1.41		
[3]:		-1			-1			0			1			

FROM[3][3]:
TO:			[0]			[1]			[2]			[3]			
[0]:		-1			-1			-1			3			
[1]:		-1			-1			-1			2			
[2]:		-1			-1			-1			1			
[3]:		-1			-1			1			0			


Block[0][1]:
FROM[0][0]:
TO:			[0]			[1]			[2]			[3]			
[0]:		0			-1			4			4.41		
[1]:		1			-1			-1			4			
[2]:		2			-1			-1			4.41		
[3]:		3			3.41		3.82		4.82		

FROM[0][1]:
TO:			[0]			[1]			[2]			[3]			
[0]:		-1			0			-1			-1			
[1]:		-1			-1			-1			-1			
[2]:		-1			-1			-1			-1			
[3]:		-1			-1			-1			-1			

FROM[0][2]:
TO:			[0]			[1]			[2]			[3]			
[0]:		4			-1			0			1			
[1]:		3			-1			-1			1.41		
[2]:		3.41		-1			-1			2.41		
[3]:		3.82		3.41		3			3.41		

FROM[0][3]:
TO:			[0]			[1]			[2]			[3]			
[0]:		4.41		-1			1			0			
[1]:		3.41		-1			-1			1			
[2]:		3.82		-1			-1			2			
[3]:		4.23		3.82		3.41		3			

FROM[1][0]:
TO:			[0]			[1]			[2]			[3]			
[0]:		1			-1			3			3.41		
[1]:		0			-1			-1			3			
[2]:		1			-1			-1			3.41		
[3]:		2			2.41		2.82		3.82		

FROM[1][1]:
TO:			[0]			[1]			[2]			[3]			
[0]:		-1			-1			-1			-1			
[1]:		-1			-1			-1			-1			
[2]:		-1			-1			-1			-1			
[3]:		-1			-1			-1			-1			

FROM[1][2]:
TO:			[0]			[1]			[2]			[3]			
[0]:		-1			-1			-1			-1			
[1]:		-1			-1			-1			-1			
[2]:		-1			-1			-1			-1			
[3]:		-1			-1			-1			-1			

FROM[1][3]:
TO:			[0]			[1]			[2]			[3]			
[0]:		4			-1			1.41		1			
[1]:		3			-1			-1			0			
[2]:		3.41		-1			-1			1			
[3]:		3.82		2.82		2.41		2			

FROM[2][0]:
TO:			[0]			[1]			[2]			[3]			
[0]:		2			-1			3.41		3.82		
[1]:		1			-1			-1			3.41		
[2]:		0			-1			-1			3			
[3]:		1			1.41		2.41		3.41		

FROM[2][1]:
TO:			[0]			[1]			[2]			[3]			
[0]:		-1			-1			-1			-1			
[1]:		-1			-1			-1			-1			
[2]:		-1			-1			-1			-1			
[3]:		-1			-1			-1			-1			

FROM[2][2]:
TO:			[0]			[1]			[2]			[3]			
[0]:		-1			-1			-1			-1			
[1]:		-1			-1			-1			-1			
[2]:		-1			-1			-1			-1			
[3]:		-1			-1			-1			-1			

FROM[2][3]:
TO:			[0]			[1]			[2]			[3]			
[0]:		4.41		-1			2.41		2			
[1]:		3.41		-1			-1			1			
[2]:		3			-1			-1			0			
[3]:		3.41		2.41		1.41		1			

FROM[3][0]:
TO:			[0]			[1]			[2]			[3]			
[0]:		3			-1			3.82		4.23		
[1]:		2			-1			-1			3.82		
[2]:		1			-1			-1			3.41		
[3]:		0			1			2			3			

FROM[3][1]:
TO:			[0]			[1]			[2]			[3]			
[0]:		3.41		-1			3.41		3.82		
[1]:		2.41		-1			-1			2.82		
[2]:		1.41		-1			-1			2.41		
[3]:		1			0			1			2			

FROM[3][2]:
TO:			[0]			[1]			[2]			[3]			
[0]:		3.82		-1			3			3.41		
[1]:		2.82		-1			-1			2.41		
[2]:		2.41		-1			-1			1.41		
[3]:		2			1			0			1			

FROM[3][3]:
TO:			[0]			[1]			[2]			[3]			
[0]:		4.82		-1			3.41		3			
[1]:		3.82		-1			-1			2			
[2]:		3.41		-1			-1			1			
[3]:		3			2			1			0			


Block[0][2]:
FROM[0][0]:
TO:			[0]			[1]			[2]			[3]			
[0]:		0			-1			-1			-1			
[1]:		-1			-1			-1			-1			
[2]:		-1			-1			-1			-1			
[3]:		-1			-1			-1			-1			

FROM[0][1]:
TO:			[0]			[1]			[2]			[3]			
[0]:		-1			0			1			-1			
[1]:		-1			-1			-1			2.41		
[2]:		-1			-1			-1			2.82		
[3]:		-1			3			3.41		3.82		

FROM[0][2]:
TO:			[0]			[1]			[2]			[3]			
[0]:		-1			1			0			-1			
[1]:		-1			-1			-1			2			
[2]:		-1			-1			-1			2.41		
[3]:		-1			3.41		3			3.41		

FROM[0][3]:
TO:			[0]			[1]			[2]			[3]			
[0]:		-1			-1			-1			0			
[1]:		-1			-1			-1			-1			
[2]:		-1			-1			-1			-1			
[3]:		-1			-1			-1			-1			

FROM[1][0]:
TO:			[0]			[1]			[2]			[3]			
[0]:		-1			-1			-1			-1			
[1]:		0			-1			-1			-1			
[2]:		-1			-1			-1			-1			
[3]:		-1			-1			-1			-1			

FROM[1][1]:
TO:			[0]			[1]			[2]			[3]			
[0]:		-1			-1			-1			-1			
[1]:		-1			-1			-1			-1			
[2]:		-1			-1			-1			-1			
[3]:		-1			-1			-1			-1			

FROM[1][2]:
TO:			[0]			[1]			[2]			[3]			
[0]:		-1			-1			-1			-1			
[1]:		-1			-1			-1			-1			
[2]:		-1			-1			-1			-1			
[3]:		-1			-1			-1			-1			

FROM[1][3]:
TO:			[0]			[1]			[2]			[3]			
[0]:		-1			2.41		2			-1			
[1]:		-1			-1			-1			0			
[2]:		-1			-1			-1			1			
[3]:		-1			2.82		2.41		2			

FROM[2][0]:
TO:			[0]			[1]			[2]			[3]			
[0]:		-1			-1			-1			-1			
[1]:		-1			-1			-1			-1			
[2]:		0			-1			-1			-1			
[3]:		-1			-1			-1			-1			

FROM[2][1]:
TO:			[0]			[1]			[2]			[3]			
[0]:		-1			-1			-1			-1			
[1]:		-1			-1			-1			-1			
[2]:		-1			-1			-1			-1			
[3]:		-1			-1			-1			-1			

FROM[2][2]:
TO:			[0]			[1]			[2]			[3]			
[0]:		-1			-1			-1			-1			
[1]:		-1			-1			-1			-1			
[2]:		-1			-1			-1			-1			
[3]:		-1			-1			-1			-1			

FROM[2][3]:
TO:			[0]			[1]			[2]			[3]			
[0]:		-1			2.82		2.41		-1			
[1]:		-1			-1			-1			1			
[2]:		-1			-1			-1			0			
[3]:		-1			2.41		1.41		1			

FROM[3][0]:
TO:			[0]			[1]			[2]			[3]			
[0]:		-1			-1			-1			-1			
[1]:		-1			-1			-1			-1			
[2]:		-1			-1			-1			-1			
[3]:		0			-1			-1			-1			

FROM[3][1]:
TO:			[0]			[1]			[2]			[3]			
[0]:		-1			3			3.41		-1			
[1]:		-1			-1			-1			2.82		
[2]:		-1			-1			-1			2.41		
[3]:		-1			0			1			2			

FROM[3][2]:
TO:			[0]			[1]			[2]			[3]			
[0]:		-1			3.41		3			-1			
[1]:		-1			-1			-1			2.41		
[2]:		-1			-1			-1			1.41		
[3]:		-1			1			0			1			

FROM[3][3]:
TO:			[0]			[1]			[2]			[3]			
[0]:		-1			3.82		3.41		-1			
[1]:		-1			-1			-1			2			
[2]:		-1			-1			-1			1			
[3]:		-1			2			1			0			


Block[0][3]:
FROM[0][0]:
TO:			[0]			[1]			[2]			[3]			
[0]:		0			1			-1			4.41		
[1]:		1			-1			-1			3.41		
[2]:		2			-1			-1			3.82		
[3]:		3			3.41		3.82		4.23		

FROM[0][1]:
TO:			[0]			[1]			[2]			[3]			
[0]:		1			0			-1			4			
[1]:		1.41		-1			-1			3			
[2]:		2.41		-1			-1			3.41		
[3]:		3.41		3			3.41		3.82		

FROM[0][2]:
TO:			[0]			[1]			[2]			[3]			
[0]:		-1			-1			0			-1			
[1]:		-1			-1			-1			-1			
[2]:		-1			-1			-1			-1			
[3]:		-1			-1			-1			-1			

FROM[0][3]:
TO:			[0]			[1]			[2]			[3]			
[0]:		4.41		4			-1			0			
[1]:		4			-1			-1			1			
[2]:		4.41		-1			-1			2			
[3]:		4.82		3.82		3.41		3			

FROM[1][0]:
TO:			[0]			[1]			[2]			[3]			
[0]:		1			1.41		-1			4			
[1]:		0			-1			-1			3			
[2]:		1			-1			-1			3.41		
[3]:		2			2.41		2.82		3.82		

FROM[1][1]:
TO:			[0]			[1]			[2]			[3]			
[0]:		-1			-1			-1			-1			
[1]:		-1			-1			-1			-1			
[2]:		-1			-1			-1			-1			
[3]:		-1			-1			-1			-1			

FROM[1][2]:
TO:			[0]			[1]			[2]			[3]			
[0]:		-1			-1			-1			-1			
[1]:		-1			-1			-1			-1			
[2]:		-1			-1			-1			-1			
[3]:		-1			-1			-1			-1			

FROM[1][3]:
TO:			[0]			[1]			[2]			[3]			
[0]:		3.41		3			-1			1			
[1]:		3			-1			-1			0			
[2]:		3.41		-1			-1			1			
[3]:		3.82		2.82		2.41		2			

FROM[2][0]:
TO:			[0]			[1]			[2]			[3]			
[0]:		2			2.41		-1			4.41		
[1]:		1			-1			-1			3.41		
[2]:		0			-1			-1			3			
[3]:		1			1.41		2.41		3.41		

FROM[2][1]:
TO:			[0]			[1]			[2]			[3]			
[0]:		-1			-1			-1			-1			
[1]:		-1			-1			-1			-1			
[2]:		-1			-1			-1			-1			
[3]:		-1			-1			-1			-1			

FROM[2][2]:
TO:			[0]			[1]			[2]			[3]			
[0]:		-1			-1			-1			-1			
[1]:		-1			-1			-1			-1			
[2]:		-1			-1			-1			-1			
[3]:		-1			-1			-1			-1			

FROM[2][3]:
TO:			[0]			[1]			[2]			[3]			
[0]:		3.82		3.41		-1			2			
[1]:		3.41		-1			-1			1			
[2]:		3			-1			-1			0			
[3]:		3.41		2.41		1.41		1			

FROM[3][0]:
TO:			[0]			[1]			[2]			[3]			
[0]:		3			3.41		-1			4.82		
[1]:		2			-1			-1			3.82		
[2]:		1			-1			-1			3.41		
[3]:		0			1			2			3			

FROM[3][1]:
TO:			[0]			[1]			[2]			[3]			
[0]:		3.41		3			-1			3.82		
[1]:		2.41		-1			-1			2.82		
[2]:		1.41		-1			-1			2.41		
[3]:		1			0			1			2			

FROM[3][2]:
TO:			[0]			[1]			[2]			[3]			
[0]:		3.82		3.41		-1			3.41		
[1]:		2.82		-1			-1			2.41		
[2]:		2.41		-1			-1			1.41		
[3]:		2			1			0			1			

FROM[3][3]:
TO:			[0]			[1]			[2]			[3]			
[0]:		4.23		3.82		-1			3			
[1]:		3.82		-1			-1			2			
[2]:		3.41		-1			-1			1			
[3]:		3			2			1			0			


Block[0][4]:
FROM[0][0]:
TO:			[0]			[1]			[2]			[3]			
[0]:		0			-1			4			4.41		
[1]:		1			-1			-1			4			
[2]:		2			-1			-1			4.41		
[3]:		3			3.41		3.82		4.82		

FROM[0][1]:
TO:			[0]			[1]			[2]			[3]			
[0]:		-1			0			-1			-1			
[1]:		-1			-1			-1			-1			
[2]:		-1			-1			-1			-1			
[3]:		-1			-1			-1			-1			

FROM[0][2]:
TO:			[0]			[1]			[2]			[3]			
[0]:		4			-1			0			1			
[1]:		3			-1			-1			1.41		
[2]:		3.41		-1			-1			2.41		
[3]:		3.82		3.41		3			3.41		

FROM[0][3]:
TO:			[0]			[1]			[2]			[3]			
[0]:		4.41		-1			1			0			
[1]:		3.41		-1			-1			1			
[2]:		3.82		-1			-1			2			
[3]:		4.23		3.82		3.41		3			

FROM[1][0]:
TO:			[0]			[1]			[2]			[3]			
[0]:		1			-1			3			3.41		
[1]:		0			-1			-1			3			
[2]:		1			-1			-1			3.41		
[3]:		2			2.41		2.82		3.82		

FROM[1][1]:
TO:			[0]			[1]			[2]			[3]			
[0]:		-1			-1			-1			-1			
[1]:		-1			-1			-1			-1			
[2]:		-1			-1			-1			-1			
[3]:		-1			-1			-1			-1			

FROM[1][2]:
TO:			[0]			[1]			[2]			[3]			
[0]:		-1			-1			-1			-1			
[1]:		-1			-1			-1			-1			
[2]:		-1			-1			-1			-1			
[3]:		-1			-1			-1			-1			

FROM[1][3]:
TO:			[0]			[1]			[2]			[3]			
[0]:		4			-1			1.41		1			
[1]:		3			-1			-1			0			
[2]:		3.41		-1			-1			1			
[3]:		3.82		2.82		2.41		2			

FROM[2][0]:
TO:			[0]			[1]			[2]			[3]			
[0]:		2			-1			3.41		3.82		
[1]:		1			-1			-1			3.41		
[2]:		0			-1			-1			3			
[3]:		1			1.41		2.41		3.41		

FROM[2][1]:
TO:			[0]			[1]			[2]			[3]			
[0]:		-1			-1			-1			-1			
[1]:		-1			-1			-1			-1			
[2]:		-1			-1			-1			-1			
[3]:		-1			-1			-1			-1			

FROM[2][2]:
TO:			[0]			[1]			[2]			[3]			
[0]:		-1			-1			-1			-1			
[1]:		-1			-1			-1			-1			
[2]:		-1			-1			-1			-1			
[3]:		-1			-1			-1			-1			

FROM[2][3]:
TO:			[0]			[1]			[2]			[3]			
[0]:		4.41		-1			2.41		2			
[1]:		3.41		-1			-1			1			
[2]:		3			-1			-1			0			
[3]:		3.41		2.41		1.41		1			

FROM[3][0]:
TO:			[0]			[1]			[2]			[3]			
[0]:		3			-1			3.82		4.23		
[1]:		2			-1			-1			3.82		
[2]:		1			-1			-1			3.41		
[3]:		0			1			2			3			

FROM[3][1]:
TO:			[0]			[1]			[2]			[3]			
[0]:		3.41		-1			3.41		3.82		
[1]:		2.41		-1			-1			2.82		
[2]:		1.41		-1			-1			2.41		
[3]:		1			0			1			2			

FROM[3][2]:
TO:			[0]			[1]			[2]			[3]			
[0]:		3.82		-1			3			3.41		
[1]:		2.82		-1			-1			2.41		
[2]:		2.41		-1			-1			1.41		
[3]:		2			1			0			1			

FROM[3][3]:
TO:			[0]			[1]			[2]			[3]			
[0]:		4.82		-1			3.41		3			
[1]:		3.82		-1			-1			2			
[2]:		3.41		-1			-1			1			
[3]:		3			2			1			0			


Block[1][0]:
FROM[0][0]:
TO:			[0]			[1]			[2]			[3]			
[0]:		0			1			2			3			
[1]:		1			-1			-1			3.41		
[2]:		2			-1			-1			3.82		
[3]:		3			3.41		3.82		4.23		

FROM[0][1]:
TO:			[0]			[1]			[2]			[3]			
[0]:		1			0			1			2			
[1]:		1.41		-1			-1			2.41		
[2]:		2.41		-1			-1			2.82		
[3]:		3.41		3			3.41		3.82		

FROM[0][2]:
TO:			[0]			[1]			[2]			[3]			
[0]:		2			1			0			1			
[1]:		2.41		-1			-1			1.41		
[2]:		2.82		-1			-1			2.41		
[3]:		3.82		3.41		3			3.41		

FROM[0][3]:
TO:			[0]			[1]			[2]			[3]			
[0]:		3			2			1			0			
[1]:		3.41		-1			-1			1			
[2]:		3.82		-1			-1			2			
[3]:		4.23		3.82		3.41		3			

FROM[1][0]:
TO:			[0]			[1]			[2]			[3]			
[0]:		1			1.41		2.41		3.41		
[1]:		0			-1			-1			3			
[2]:		1			-1			-1			3.41		
[3]:		2			2.41		2.82		3.82		

FROM[1][1]:
TO:			[0]			[1]			[2]			[3]			
[0]:		-1			-1			-1			-1			
[1]:		-1			-1			-1			-1			
[2]:		-1			-1			-1			-1			
[3]:		-1			-1			-1			-1			

FROM[1][2]:
TO:			[0]			[1]			[2]			[3]			
[0]:		-1			-1			-1			-1			
[1]:		-1			-1			-1			-1			
[2]:		-1			-1			-1			-1			
[3]:		-1			-1			-1			-1			

FROM[1][3]:
TO:			[0]			[1]			[2]			[3]			
[0]:		3.41		2.41		1.41		1			
[1]:		3			-1			-1			0			
[2]:		3.41		-1			-1			1			
[3]:		3.82		2.82		2.41		2			

FROM[2][0]:
TO:			[0]			[1]			[2]			[3]			
[0]:		2			2.41		2.82		3.82		
[1]:		1			-1			-1			3.41		
[2]:		0			-1			-1			3			
[3]:		1			1.41		2.41		3.41		

FROM[2][1]:
TO:			[0]			[1]			[2]			[3]			
[0]:		-1			-1			-1			-1			
[1]:		-1			-1			-1			-1			
[2]:		-1			-1			-1			-1			
[3]:		-1			-1			-1			-1			

FROM[2][2]:
TO:			[0]			[1]			[2]			[3]			
[0]:		-1			-1			-1			-1			
[1]:		-1			-1			-1			-1			
[2]:		-1			-1			-1			-1			
[3]:		-1			-1			-1			-1			

FROM[2][3]:
TO:			[0]			[1]			[2]			[3]			
[0]:		3.82		2.82		2.41		2			
[1]:		3.41		-1			-1			1			
[2]:		3			-1			-1			0			
[3]:		3.41		2.41		1.41		1			

FROM[3][0]:
TO:			[0]			[1]			[2]			[3]			
[0]:		3			3.41		3.82		4.23		
[1]:		2			-1			-1			3.82		
[2]:		1			-1			-1			3.41		
[3]:		0			1			2			3			

FROM[3][1]:
TO:			[0]			[1]			[2]			[3]			
[0]:		3.41		3			3.41		3.82		
[1]:		2.41		-1			-1			2.82		
[2]:		1.41		-1			-1			2.41		
[3]:		1			0			1			2			

FROM[3][2]:
TO:			[0]			[1]			[2]			[3]			
[0]:		3.82		3.41		3			3.41		
[1]:		2.82		-1			-1			2.41		
[2]:		2.41		-1			-1			1.41		
[3]:		2			1			0			1			

FROM[3][3]:
TO:			[0]			[1]			[2]			[3]			
[0]:		4.23		3.82		3.41		3			
[1]:		3.82		-1			-1			2			
[2]:		3.41		-1			-1			1			
[3]:		3			2			1			0			


Block[1][1]:
FROM[0][0]:
TO:			[0]			[1]			[2]			[3]			
[0]:		0			1			2			3			
[1]:		1			-1			-1			3.41		
[2]:		2			-1			-1			3.82		
[3]:		3			3.41		3.82		4.23		

FROM[0][1]:
TO:			[0]			[1]			[2]			[3]			
[0]:		1			0			1			2			
[1]:		1.41		-1			-1			2.41		
[2]:		2.41		-1			-1			2.82		
[3]:		3.41		3			3.41		3.82		

FROM[0][2]:
TO:			[0]			[1]			[2]			[3]			
[0]:		2			1			0			1			
[1]:		2.41		-1			-1			1.41		
[2]:		2.82		-1			-1			2.41		
[3]:		3.82		3.41		3			3.41		

FROM[0][3]:
TO:			[0]			[1]			[2]			[3]			
[0]:		3			2			1			0			
[1]:		3.41		-1			-1			1			
[2]:		3.82		-1			-1			2			
[3]:		4.23		3.82		3.41		3			

FROM[1][0]:
TO:			[0]			[1]			[2]			[3]			
[0]:		1			1.41		2.41		3.41		
[1]:		0			-1			-1			3			
[2]:		1			-1			-1			3.41		
[3]:		2			2.41		2.82		3.82		

FROM[1][1]:
TO:			[0]			[1]			[2]			[3]			
[0]:		-1			-1			-1			-1			
[1]:		-1			-1			-1			-1			
[2]:		-1			-1			-1			-1			
[3]:		-1			-1			-1			-1			

FROM[1][2]:
TO:			[0]			[1]			[2]			[3]			
[0]:		-1			-1			-1			-1			
[1]:		-1			-1			-1			-1			
[2]:		-1			-1			-1			-1			
[3]:		-1			-1			-1			-1			

FROM[1][3]:
TO:			[0]			[1]			[2]			[3]			
[0]:		3.41		2.41		1.41		1			
[1]:		3			-1			-1			0			
[2]:		3.41		-1			-1			1			
[3]:		3.82		2.82		2.41		2			

FROM[2][0]:
TO:			[0]			[1]			[2]			[3]			
[0]:		2			2.41		2.82		3.82		
[1]:		1			-1			-1			3.41		
[2]:		0			-1			-1			3			
[3]:		1			1.41		2.41		3.41		

FROM[2][1]:
TO:			[0]			[1]			[2]			[3]			
[0]:		-1			-1			-1			-1			
[1]:		-1			-1			-1			-1			
[2]:		-1			-1			-1			-1			
[3]:		-1			-1			-1			-1			

FROM[2][2]:
TO:			[0]			[1]			[2]			[3]			
[0]:		-1			-1			-1			-1			
[1]:		-1			-1			-1			-1			
[2]:		-1			-1			-1			-1			
[3]:		-1			-1			-1			-1			

FROM[2][3]:
TO:			[0]			[1]			[2]			[3]			
[0]:		3.82		2.82		2.41		2			
[1]:		3.41		-1			-1			1			
[2]:		3			-1			-1			0			
[3]:		3.41		2.41		1.41		1			

FROM[3][0]:
TO:			[0]			[1]			[2]			[3]			
[0]:		3			3.41		3.82		4.23		
[1]:		2			-1			-1			3.82		
[2]:		1			-1			-1			3.41		
[3]:		0			1			2			3			

FROM[3][1]:
TO:			[0]			[1]			[2]			[3]			
[0]:		3.41		3			3.41		3.82		
[1]:		2.41		-1			-1			2.82		
[2]:		1.41		-1			-1			2.41		
[3]:		1			0			1			2			

FROM[3][2]:
TO:			[0]			[1]			[2]			[3]			
[0]:		3.82		3.41		3			3.41		
[1]:		2.82		-1			-1			2.41		
[2]:		2.41		-1			-1			1.41		
[3]:		2			1			0			1			

FROM[3][3]:
TO:			[0]			[1]			[2]			[3]			
[0]:		4.23		3.82		3.41		3			
[1]:		3.82		-1			-1			2			
[2]:		3.41		-1			-1			1			
[3]:		3			2			1			0			


Block[1][2]:
FROM[0][0]:
TO:			[0]			[1]			[2]			[3]			
[0]:		0			-1			-1			-1			
[1]:		-1			-1			-1			-1			
[2]:		-1			-1			-1			-1			
[3]:		-1			-1			-1			-1			

FROM[0][1]:
TO:			[0]			[1]			[2]			[3]			
[0]:		-1			0			1			2			
[1]:		-1			-1			-1			2.41		
[2]:		-1			-1			-1			2.82		
[3]:		-1			3			3.41		3.82		

FROM[0][2]:
TO:			[0]			[1]			[2]			[3]			
[0]:		-1			1			0			1			
[1]:		-1			-1			-1			1.41		
[2]:		-1			-1			-1			2.41		
[3]:		-1			3.41		3			3.41		

FROM[0][3]:
TO:			[0]			[1]			[2]			[3]			
[0]:		-1			2			1			0			
[1]:		-1			-1			-1			1			
[2]:		-1			-1			-1			2			
[3]:		-1			3.82		3.41		3			

FROM[1][0]:
TO:			[0]			[1]			[2]			[3]			
[0]:		-1			-1			-1			-1			
[1]:		0			-1			-1			-1			
[2]:		-1			-1			-1			-1			
[3]:		-1			-1			-1			-1			

FROM[1][1]:
TO:			[0]			[1]			[2]			[3]			
[0]:		-1			-1			-1			-1			
[1]:		-1			-1			-1			-1			
[2]:		-1			-1			-1			-1			
[3]:		-1			-1			-1			-1			

FROM[1][2]:
TO:			[0]			[1]			[2]			[3]			
[0]:		-1			-1			-1			-1			
[1]:		-1			-1			-1			-1			
[2]:		-1			-1			-1			-1			
[3]:		-1			-1			-1			-1			

FROM[1][3]:
TO:			[0]			[1]			[2]			[3]			
[0]:		-1			2.41		1.41		1			
[1]:		-1			-1			-1			0			
[2]:		-1			-1			-1			1			
[3]:		-1			2.82		2.41		2			

FROM[2][0]:
TO:			[0]			[1]			[2]			[3]			
[0]:		-1			-1			-1			-1			
[1]:		-1			-1			-1			-1			
[2]:		0			-1			-1			-1			
[3]:		-1			-1			-1			-1			

FROM[2][1]:
TO:			[0]			[1]			[2]			[3]			
[0]:		-1			-1			-1			-1			
[1]:		-1			-1			-1			-1			
[2]:		-1			-1			-1			-1			
[3]:		-1			-1			-1			-1			

FROM[2][2]:
TO:			[0]			[1]			[2]			[3]			
[0]:		-1			-1			-1			-1			
[1]:		-1			-1			-1			-1			
[2]:		-1			-1			-1			-1			
[3]:		-1			-1			-1			-1			

FROM[2][3]:
TO:			[0]			[1]			[2]			[3]			
[0]:		-1			2.82		2.41		2			
[1]:		-1			-1			-1			1			
[2]:		-1			-1			-1			0			
[3]:		-1			2.41		1.41		1			

FROM[3][0]:
TO:			[0]			[1]			[2]			[3]			
[0]:		-1			-1			-1			-1			
[1]:		-1			-1			-1			-1			
[2]:		-1			-1			-1			-1			
[3]:		0			-1			-1			-1			

FROM[3][1]:
TO:			[0]			[1]			[2]			[3]			
[0]:		-1			3			3.41		3.82		
[1]:		-1			-1			-1			2.82		
[2]:		-1			-1			-1			2.41		
[3]:		-1			0			1			2			

FROM[3][2]:
TO:			[0]			[1]			[2]			[3]			
[0]:		-1			3.41		3			3.41		
[1]:		-1			-1			-1			2.41		
[2]:		-1			-1			-1			1.41		
[3]:		-1			1			0			1			

FROM[3][3]:
TO:			[0]			[1]			[2]			[3]			
[0]:		-1			3.82		3.41		3			
[1]:		-1			-1			-1			2			
[2]:		-1			-1			-1			1			
[3]:		-1			2			1			0			


Block[1][3]:
FROM[0][0]:
TO:			[0]			[1]			[2]			[3]			
[0]:		0			1			2			3			
[1]:		1			-1			-1			3.41		
[2]:		2			-1			-1			3.82		
[3]:		3			3.41		3.82		4.23		

FROM[0][1]:
TO:			[0]			[1]			[2]			[3]			
[0]:		1			0			1			2			
[1]:		1.41		-1			-1			2.41		
[2]:		2.41		-1			-1			2.82		
[3]:		3.41		3			3.41		3.82		

FROM[0][2]:
TO:			[0]			[1]			[2]			[3]			
[0]:		2			1			0			1			
[1]:		2.41		-1			-1			1.41		
[2]:		2.82		-1			-1			2.41		
[3]:		3.82		3.41		3			3.41		

FROM[0][3]:
TO:			[0]			[1]			[2]			[3]			
[0]:		3			2			1			0			
[1]:		3.41		-1			-1			1			
[2]:		3.82		-1			-1			2			
[3]:		4.23		3.82		3.41		3			

FROM[1][0]:
TO:			[0]			[1]			[2]			[3]			
[0]:		1			1.41		2.41		3.41		
[1]:		0			-1			-1			3			
[2]:		1			-1			-1			3.41		
[3]:		2			2.41		2.82		3.82		

FROM[1][1]:
TO:			[0]			[1]			[2]			[3]			
[0]:		-1			-1			-1			-1			
[1]:		-1			-1			-1			-1			
[2]:		-1			-1			-1			-1			
[3]:		-1			-1			-1			-1			

FROM[1][2]:
TO:			[0]			[1]			[2]			[3]			
[0]:		-1			-1			-1			-1			
[1]:		-1			-1			-1			-1			
[2]:		-1			-1			-1			-1			
[3]:		-1			-1			-1			-1			

FROM[1][3]:
TO:			[0]			[1]			[2]			[3]			
[0]:		3.41		2.41		1.41		1			
[1]:		3			-1			-1			0			
[2]:		3.41		-1			-1			1			
[3]:		3.82		2.82		2.41		2			

FROM[2][0]:
TO:			[0]			[1]			[2]			[3]			
[0]:		2			2.41		2.82		3.82		
[1]:		1			-1			-1			3.41		
[2]:		0			-1			-1			3			
[3]:		1			1.41		2.41		3.41		

FROM[2][1]:
TO:			[0]			[1]			[2]			[3]			
[0]:		-1			-1			-1			-1			
[1]:		-1			-1			-1			-1			
[2]:		-1			-1			-1			-1			
[3]:		-1			-1			-1			-1			

FROM[2][2]:
TO:			[0]			[1]			[2]			[3]			
[0]:		-1			-1			-1			-1			
[1]:		-1			-1			-1			-1			
[2]:		-1			-1			-1			-1			
[3]:		-1			-1			-1			-1			

FROM[2][3]:
TO:			[0]			[1]			[2]			[3]			
[0]:		3.82		2.82		2.41		2			
[1]:		3.41		-1			-1			1			
[2]:		3			-1			-1			0			
[3]:		3.41		2.41		1.41		1			

FROM[3][0]:
TO:			[0]			[1]			[2]			[3]			
[0]:		3			3.41		3.82		4.23		
[1]:		2			-1			-1			3.82		
[2]:		1			-1			-1			3.41		
[3]:		0			1			2			3			

FROM[3][1]:
TO:			[0]			[1]			[2]			[3]			
[0]:		3.41		3			3.41		3.82		
[1]:		2.41		-1			-1			2.82		
[2]:		1.41		-1			-1			2.41		
[3]:		1			0			1			2			

FROM[3][2]:
TO:			[0]			[1]			[2]			[3]			
[0]:		3.82		3.41		3			3.41		
[1]:		2.82		-1			-1			2.41		
[2]:		2.41		-1			-1			1.41		
[3]:		2			1			0			1			

FROM[3][3]:
TO:			[0]			[1]			[2]			[3]			
[0]:		4.23		3.82		3.41		3			
[1]:		3.82		-1			-1			2			
[2]:		3.41		-1			-1			1			
[3]:		3			2			1			0			


Block[1][4]:
FROM[0][0]:
TO:			[0]			[1]			[2]			[3]			
[0]:		0			1			2			3			
[1]:		1			-1			-1			3.41		
[2]:		2			-1			-1			3.82		
[3]:		3			3.41		3.82		4.23		

FROM[0][1]:
TO:			[0]			[1]			[2]			[3]			
[0]:		1			0			1			2			
[1]:		1.41		-1			-1			2.41		
[2]:		2.41		-1			-1			2.82		
[3]:		3.41		3			3.41		3.82		

FROM[0][2]:
TO:			[0]			[1]			[2]			[3]			
[0]:		2			1			0			1			
[1]:		2.41		-1			-1			1.41		
[2]:		2.82		-1			-1			2.41		
[3]:		3.82		3.41		3			3.41		

FROM[0][3]:
TO:			[0]			[1]			[2]			[3]			
[0]:		3			2			1			0			
[1]:		3.41		-1			-1			1			
[2]:		3.82		-1			-1			2			
[3]:		4.23		3.82		3.41		3			

FROM[1][0]:
TO:			[0]			[1]			[2]			[3]			
[0]:		1			1.41		2.41		3.41		
[1]:		0			-1			-1			3			
[2]:		1			-1			-1			3.41		
[3]:		2			2.41		2.82		3.82		

FROM[1][1]:
TO:			[0]			[1]			[2]			[3]			
[0]:		-1			-1			-1			-1			
[1]:		-1			-1			-1			-1			
[2]:		-1			-1			-1			-1			
[3]:		-1			-1			-1			-1			

FROM[1][2]:
TO:			[0]			[1]			[2]			[3]			
[0]:		-1			-1			-1			-1			
[1]:		-1			-1			-1			-1			
[2]:		-1			-1			-1			-1			
[3]:		-1			-1			-1			-1			

FROM[1][3]:
TO:			[0]			[1]			[2]			[3]			
[0]:		3.41		2.41		1.41		1			
[1]:		3			-1			-1			0			
[2]:		3.41		-1			-1			1			
[3]:		3.82		2.82		2.41		2			

FROM[2][0]:
TO:			[0]			[1]			[2]			[3]			
[0]:		2			2.41		2.82		3.82		
[1]:		1			-1			-1			3.41		
[2]:		0			-1			-1			3			
[3]:		1			1.41		2.41		3.41		

FROM[2][1]:
TO:			[0]			[1]			[2]			[3]			
[0]:		-1			-1			-1			-1			
[1]:		-1			-1			-1			-1			
[2]:		-1			-1			-1			-1			
[3]:		-1			-1			-1			-1			

FROM[2][2]:
TO:			[0]			[1]			[2]			[3]			
[0]:		-1			-1			-1			-1			
[1]:		-1			-1			-1			-1			
[2]:		-1			-1			-1			-1			
[3]:		-1			-1			-1			-1			

FROM[2][3]:
TO:			[0]			[1]			[2]			[3]			
[0]:		3.82		2.82		2.41		2			
[1]:		3.41		-1			-1			1			
[2]:		3			-1			-1			0			
[3]:		3.41		2.41		1.41		1			

FROM[3][0]:
TO:			[0]			[1]			[2]			[3]			
[0]:		3			3.41		3.82		4.23		
[1]:		2			-1			-1			3.82		
[2]:		1			-1			-1			3.41		
[3]:		0			1			2			3			

FROM[3][1]:
TO:			[0]			[1]			[2]			[3]			
[0]:		3.41		3			3.41		3.82		
[1]:		2.41		-1			-1			2.82		
[2]:		1.41		-1			-1			2.41		
[3]:		1			0			1			2			

FROM[3][2]:
TO:			[0]			[1]			[2]			[3]			
[0]:		3.82		3.41		3			3.41		
[1]:		2.82		-1			-1			2.41		
[2]:		2.41		-1			-1			1.41		
[3]:		2			1			0			1			

FROM[3][3]:
TO:			[0]			[1]			[2]			[3]			
[0]:		4.23		3.82		3.41		3			
[1]:		3.82		-1			-1			2			
[2]:		3.41		-1			-1			1			
[3]:		3			2			1			0			


Block[2][0]:
FROM[0][0]:
TO:			[0]			[1]			[2]			[3]			
[0]:		0			-1			-1			-1			
[1]:		-1			-1			-1			-1			
[2]:		-1			-1			-1			-1			
[3]:		-1			-1			-1			-1			

FROM[0][1]:
TO:			[0]			[1]			[2]			[3]			
[0]:		-1			0			-1			-1			
[1]:		-1			-1			-1			-1			
[2]:		-1			-1			-1			-1			
[3]:		-1			-1			-1			-1			

FROM[0][2]:
TO:			[0]			[1]			[2]			[3]			
[0]:		-1			-1			0			-1			
[1]:		-1			-1			-1			-1			
[2]:		-1			-1			-1			-1			
[3]:		-1			-1			-1			-1			

FROM[0][3]:
TO:			[0]			[1]			[2]			[3]			
[0]:		-1			-1			-1			0			
[1]:		-1			-1			-1			-1			
[2]:		-1			-1			-1			-1			
[3]:		-1			-1			-1			-1			

FROM[1][0]:
TO:			[0]			[1]			[2]			[3]			
[0]:		-1			-1			-1			-1			
[1]:		0			-1			-1			6.41		
[2]:		1			-1			-1			5.41		
[3]:		2			2.41		3.41		4.41		

FROM[1][1]:
TO:			[0]			[1]			[2]			[3]			
[0]:		-1			-1			-1			-1			
[1]:		-1			-1			-1			-1			
[2]:		-1			-1			-1			-1			
[3]:		-1			-1			-1			-1			

FROM[1][2]:
TO:			[0]			[1]			[2]			[3]			
[0]:		-1			-1			-1			-1			
[1]:		-1			-1			-1			-1			
[2]:		-1			-1			-1			-1			
[3]:		-1			-1			-1			-1			

FROM[1][3]:
TO:			[0]			[1]			[2]			[3]			
[0]:		-1			-1			-1			-1			
[1]:		6.41		-1			-1			0			
[2]:		5.41		-1			-1			1			
[3]:		5			4			3			2			

FROM[2][0]:
TO:			[0]			[1]			[2]			[3]			
[0]:		-1			-1			-1			-1			
[1]:		1			-1			-1			5.41		
[2]:		0			-1			-1			4.41		
[3]:		1			1.41		2.41		3.41		

FROM[2][1]:
TO:			[0]			[1]			[2]			[3]			
[0]:		-1			-1			-1			-1			
[1]:		-1			-1			-1			-1			
[2]:		-1			-1			-1			-1			
[3]:		-1			-1			-1			-1			

FROM[2][2]:
TO:			[0]			[1]			[2]			[3]			
[0]:		-1			-1			-1			-1			
[1]:		-1			-1			-1			-1			
[2]:		-1			-1			-1			-1			
[3]:		-1			-1			-1			-1			

FROM[2][3]:
TO:			[0]			[1]			[2]			[3]			
[0]:		-1			-1			-1			-1			
[1]:		5.41		-1			-1			1			
[2]:		4.41		-1			-1			0			
[3]:		4			3			2			1			

FROM[3][0]:
TO:			[0]			[1]			[2]			[3]			
[0]:		-1			-1			-1			-1			
[1]:		2			-1			-1			5			
[2]:		1			-1			-1			4			
[3]:		0			1			2			3			

FROM[3][1]:
TO:			[0]			[1]			[2]			[3]			
[0]:		-1			-1			-1			-1			
[1]:		2.41		-1			-1			4			
[2]:		1.41		-1			-1			3			
[3]:		1			0			1			2			

FROM[3][2]:
TO:			[0]			[1]			[2]			[3]			
[0]:		-1			-1			-1			-1			
[1]:		3.41		-1			-1			3			
[2]:		2.41		-1			-1			2			
[3]:		2			1			0			1			

FROM[3][3]:
TO:			[0]			[1]			[2]			[3]			
[0]:		-1			-1			-1			-1			
[1]:		4.41		-1			-1			2			
[2]:		3.41		-1			-1			1			
[3]:		3			2			1			0			


Block[2][1]:
FROM[0][0]:
TO:			[0]			[1]			[2]			[3]			
[0]:		0			-1			-1			-1			
[1]:		-1			-1			-1			-1			
[2]:		-1			-1			-1			-1			
[3]:		-1			-1			-1			-1			

FROM[0][1]:
TO:			[0]			[1]			[2]			[3]			
[0]:		-1			0			-1			-1			
[1]:		-1			-1			-1			-1			
[2]:		-1			-1			-1			-1			
[3]:		-1			-1			-1			-1			

FROM[0][2]:
TO:			[0]			[1]			[2]			[3]			
[0]:		-1			-1			0			-1			
[1]:		-1			-1			-1			-1			
[2]:		-1			-1			-1			-1			
[3]:		-1			-1			-1			-1			

FROM[0][3]:
TO:			[0]			[1]			[2]			[3]			
[0]:		-1			-1			-1			0			
[1]:		-1			-1			-1			-1			
[2]:		-1			-1			-1			-1			
[3]:		-1			-1			-1			-1			

FROM[1][0]:
TO:			[0]			[1]			[2]			[3]			
[0]:		-1			-1			-1			-1			
[1]:		0			-1			-1			6.41		
[2]:		1			-1			-1			5.41		
[3]:		2			3			4			5			

FROM[1][1]:
TO:			[0]			[1]			[2]			[3]			
[0]:		-1			-1			-1			-1			
[1]:		-1			-1			-1			-1			
[2]:		-1			-1			-1			-1			
[3]:		-1			-1			-1			-1			

FROM[1][2]:
TO:			[0]			[1]			[2]			[3]			
[0]:		-1			-1			-1			-1			
[1]:		-1			-1			-1			-1			
[2]:		-1			-1			-1			-1			
[3]:		-1			-1			-1			-1			

FROM[1][3]:
TO:			[0]			[1]			[2]			[3]			
[0]:		-1			-1			-1			-1			
[1]:		6.41		-1			-1			0			
[2]:		5.41		-1			-1			1			
[3]:		4.41		3.41		2.41		2			

FROM[2][0]:
TO:			[0]			[1]			[2]			[3]			
[0]:		-1			-1			-1			-1			
[1]:		1			-1			-1			5.41		
[2]:		0			-1			-1			4.41		
[3]:		1			2			3			4			

FROM[2][1]:
TO:			[0]			[1]			[2]			[3]			
[0]:		-1			-1			-1			-1			
[1]:		-1			-1			-1			-1			
[2]:		-1			-1			-1			-1			
[3]:		-1			-1			-1			-1			

FROM[2][2]:
TO:			[0]			[1]			[2]			[3]			
[0]:		-1			-1			-1			-1			
[1]:		-1			-1			-1			-1			
[2]:		-1			-1			-1			-1			
[3]:		-1			-1			-1			-1			

FROM[2][3]:
TO:			[0]			[1]			[2]			[3]			
[0]:		-1			-1			-1			-1			
[1]:		5.41		-1			-1			1			
[2]:		4.41		-1			-1			0			
[3]:		3.41		2.41		1.41		1			

FROM[3][0]:
TO:			[0]			[1]			[2]			[3]			
[0]:		-1			-1			-1			-1			
[1]:		2			-1			-1			4.41		
[2]:		1			-1			-1			3.41		
[3]:		0			1			2			3			

FROM[3][1]:
TO:			[0]			[1]			[2]			[3]			
[0]:		-1			-1			-1			-1			
[1]:		3			-1			-1			3.41		
[2]:		2			-1			-1			2.41		
[3]:		1			0			1			2			

FROM[3][2]:
TO:			[0]			[1]			[2]			[3]			
[0]:		-1			-1			-1			-1			
[1]:		4			-1			-1			2.41		
[2]:		3			-1			-1			1.41		
[3]:		2			1			0			1			

FROM[3][3]:
TO:			[0]			[1]			[2]			[3]			
[0]:		-1			-1			-1			-1			
[1]:		5			-1			-1			2			
[2]:		4			-1			-1			1			
[3]:		3			2			1			0			


Block[2][2]:
FROM[0][0]:
TO:			[0]			[1]			[2]			[3]			
[0]:		0			-1			-1			-1			
[1]:		-1			-1			-1			-1			
[2]:		-1			-1			-1			-1			
[3]:		-1			-1			-1			-1			

FROM[0][1]:
TO:			[0]			[1]			[2]			[3]			
[0]:		-1			0			-1			-1			
[1]:		-1			-1			-1			-1			
[2]:		-1			-1			-1			-1			
[3]:		-1			-1			-1			-1			

FROM[0][2]:
TO:			[0]			[1]			[2]			[3]			
[0]:		-1			-1			0			1			
[1]:		-1			-1			-1			-1			
[2]:		-1			-1			-1			-1			
[3]:		-1			-1			-1			-1			

FROM[0][3]:
TO:			[0]			[1]			[2]			[3]			
[0]:		-1			-1			1			0			
[1]:		-1			-1			-1			-1			
[2]:		-1			-1			-1			-1			
[3]:		-1			-1			-1			-1			

FROM[1][0]:
TO:			[0]			[1]			[2]			[3]			
[0]:		-1			-1			-1			-1			
[1]:		0			-1			-1			-1			
[2]:		-1			-1			-1			-1			
[3]:		-1			-1			-1			-1			

FROM[1][1]:
TO:			[0]			[1]			[2]			[3]			
[0]:		-1			-1			-1			-1			
[1]:		-1			-1			-1			-1			
[2]:		-1			-1			-1			-1			
[3]:		-1			-1			-1			-1			

FROM[1][2]:
TO:			[0]			[1]			[2]			[3]			
[0]:		-1			-1			-1			-1			
[1]:		-1			-1			-1			-1			
[2]:		-1			-1			-1			-1			
[3]:		-1			-1			-1			-1			

FROM[1][3]:
TO:			[0]			[1]			[2]			[3]			
[0]:		-1			-1			-1			-1			
[1]:		-1			-1			-1			0			
[2]:		-1			-1			-1			-1			
[3]:		-1			-1			-1			-1			

FROM[2][0]:
TO:			[0]			[1]			[2]			[3]			
[0]:		-1			-1			-1			-1			
[1]:		-1			-1			-1			-1			
[2]:		0			-1			-1			-1			
[3]:		-1			-1			-1			-1			

FROM[2][1]:
TO:			[0]			[1]			[2]			[3]			
[0]:		-1			-1			-1			-1			
[1]:		-1			-1			-1			-1			
[2]:		-1			-1			-1			-1			
[3]:		-1			-1			-1			-1			

FROM[2][2]:
TO:			[0]			[1]			[2]			[3]			
[0]:		-1			-1			-1			-1			
[1]:		-1			-1			-1			-1			
[2]:		-1			-1			-1			-1			
[3]:		-1			-1			-1			-1			

FROM[2][3]:
TO:			[0]			[1]			[2]			[3]			
[0]:		-1			-1			-1			-1			
[1]:		-1			-1			-1			-1			
[2]:		-1			-1			-1			0			
[3]:		-1			-1			-1			-1			

FROM[3][0]:
TO:			[0]			[1]			[2]			[3]			
[0]:		-1			-1			-1			-1			
[1]:		-1			-1			-1			-1			
[2]:		-1			-1			-1			-1			
[3]:		0			-1			-1			-1			

FROM[3][1]:
TO:			[0]			[1]			[2]			[3]			
[0]:		-1			-1			-1			-1			
[1]:		-1			-1			-1			-1			
[2]:		-1			-1			-1			-1			
[3]:		-1			0			-1			-1			

FROM[3][2]:
TO:			[0]			[1]			[2]			[3]			
[0]:		-1			-1			-1			-1			
[1]:		-1			-1			-1			-1			
[2]:		-1			-1			-1			-1			
[3]:		-1			-1			0			1			

FROM[3][3]:
TO:			[0]			[1]			[2]			[3]			
[0]:		-1			-1			-1			-1			
[1]:		-1			-1			-1			-1			
[2]:		-1			-1			-1			-1			
[3]:		-1			-1			1			0			


Block[2][3]:
FROM[0][0]:
TO:			[0]			[1]			[2]			[3]			
[0]:		0			1			2			3			
[1]:		-1			-1			-1			-1			
[2]:		-1			-1			-1			-1			
[3]:		-1			-1			-1			-1			

FROM[0][1]:
TO:			[0]			[1]			[2]			[3]			
[0]:		1			0			1			2			
[1]:		-1			-1			-1			-1			
[2]:		-1			-1			-1			-1			
[3]:		-1			-1			-1			-1			

FROM[0][2]:
TO:			[0]			[1]			[2]			[3]			
[0]:		2			1			0			1			
[1]:		-1			-1			-1			-1			
[2]:		-1			-1			-1			-1			
[3]:		-1			-1			-1			-1			

FROM[0][3]:
TO:			[0]			[1]			[2]			[3]			
[0]:		3			2			1			0			
[1]:		-1			-1			-1			-1			
[2]:		-1			-1			-1			-1			
[3]:		-1			-1			-1			-1			

FROM[1][0]:
TO:			[0]			[1]			[2]			[3]			
[0]:		-1			-1			-1			-1			
[1]:		0			-1			-1			-1			
[2]:		-1			-1			-1			-1			
[3]:		-1			-1			-1			-1			

FROM[1][1]:
TO:			[0]			[1]			[2]			[3]			
[0]:		-1			-1			-1			-1			
[1]:		-1			-1			-1			-1			
[2]:		-1			-1			-1			-1			
[3]:		-1			-1			-1			-1			

FROM[1][2]:
TO:			[0]			[1]			[2]			[3]			
[0]:		-1			-1			-1			-1			
[1]:		-1			-1			-1			-1			
[2]:		-1			-1			-1			-1			
[3]:		-1			-1			-1			-1			

FROM[1][3]:
TO:			[0]			[1]			[2]			[3]			
[0]:		-1			-1			-1			-1			
[1]:		-1			-1			-1			0			
[2]:		-1			-1			-1			-1			
[3]:		-1			-1			-1			-1			

FROM[2][0]:
TO:			[0]			[1]			[2]			[3]			
[0]:		-1			-1			-1			-1			
[1]:		-1			-1			-1			-1			
[2]:		0			-1			-1			4.41		
[3]:		1			1.41		2.41		3.41		

FROM[2][1]:
TO:			[0]			[1]			[2]			[3]			
[0]:		-1			-1			-1			-1			
[1]:		-1			-1			-1			-1			
[2]:		-1			-1			-1			-1			
[3]:		-1			-1			-1			-1			

FROM[2][2]:
TO:			[0]			[1]			[2]			[3]			
[0]:		-1			-1			-1			-1			
[1]:		-1			-1			-1			-1			
[2]:		-1			-1			-1			-1			
[3]:		-1			-1			-1			-1			

FROM[2][3]:
TO:			[0]			[1]			[2]			[3]			
[0]:		-1			-1			-1			-1			
[1]:		-1			-1			-1			-1			
[2]:		4.41		-1			-1			0			
[3]:		4			3			2			1			

FROM[3][0]:
TO:			[0]			[1]			[2]			[3]			
[0]:		-1			-1			-1			-1			
[1]:		-1			-1			-1			-1			
[2]:		1			-1			-1			4			
[3]:		0			1			2			3			

FROM[3][1]:
TO:			[0]			[1]			[2]			[3]			
[0]:		-1			-1			-1			-1			
[1]:		-1			-1			-1			-1			
[2]:		1.41		-1			-1			3			
[3]:		1			0			1			2			

FROM[3][2]:
TO:			[0]			[1]			[2]			[3]			
[0]:		-1			-1			-1			-1			
[1]:		-1			-1			-1			-1			
[2]:		2.41		-1			-1			2			
[3]:		2			1			0			1			

FROM[3][3]:
TO:			[0]			[1]			[2]			[3]			
[0]:		-1			-1			-1			-1			
[1]:		-1			-1			-1			-1			
[2]:		3.41		-1			-1			1			
[3]:		3			2			1			0			


Block[2][4]:
FROM[0][0]:
TO:			[0]			[1]			[2]			[3]			
[0]:		0			1			2			3			
[1]:		-1			-1			-1			4			
[2]:		9.41		-1			-1			5			
[3]:		8.41		7.41		6.41		6			

FROM[0][1]:
TO:			[0]			[1]			[2]			[3]			
[0]:		1			0			1			2			
[1]:		-1			-1			-1			3			
[2]:		8.41		-1			-1			4			
[3]:		7.41		6.41		5.41		5			

FROM[0][2]:
TO:			[0]			[1]			[2]			[3]			
[0]:		2			1			0			1			
[1]:		-1			-1			-1			2			
[2]:		7.41		-1			-1			3			
[3]:		6.41		5.41		4.41		4			

FROM[0][3]:
TO:			[0]			[1]			[2]			[3]			
[0]:		3			2			1			0			
[1]:		-1			-1			-1			1			
[2]:		6.41		-1			-1			2			
[3]:		5.41		4.41		3.41		3			

FROM[1][0]:
TO:			[0]			[1]			[2]			[3]			
[0]:		-1			-1			-1			-1			
[1]:		0			-1			-1			-1			
[2]:		-1			-1			-1			-1			
[3]:		-1			-1			-1			-1			

FROM[1][1]:
TO:			[0]			[1]			[2]			[3]			
[0]:		-1			-1			-1			-1			
[1]:		-1			-1			-1			-1			
[2]:		-1			-1			-1			-1			
[3]:		-1			-1			-1			-1			

FROM[1][2]:
TO:			[0]			[1]			[2]			[3]			
[0]:		-1			-1			-1			-1			
[1]:		-1			-1			-1			-1			
[2]:		-1			-1			-1			-1			
[3]:		-1			-1			-1			-1			

FROM[1][3]:
TO:			[0]			[1]			[2]			[3]			
[0]:		4			3			2			1			
[1]:		-1			-1			-1			0			
[2]:		5.41		-1			-1			1			
[3]:		4.41		3.41		2.41		2			

FROM[2][0]:
TO:			[0]			[1]			[2]			[3]			
[0]:		9.41		8.41		7.41		6.41		
[1]:		-1			-1			-1			5.41		
[2]:		0			-1			-1			4.41		
[3]:		1			2			3			4			

FROM[2][1]:
TO:			[0]			[1]			[2]			[3]			
[0]:		-1			-1			-1			-1			
[1]:		-1			-1			-1			-1			
[2]:		-1			-1			-1			-1			
[3]:		-1			-1			-1			-1			

FROM[2][2]:
TO:			[0]			[1]			[2]			[3]			
[0]:		-1			-1			-1			-1			
[1]:		-1			-1			-1			-1			
[2]:		-1			-1			-1			-1			
[3]:		-1			-1			-1			-1			

FROM[2][3]:
TO:			[0]			[1]			[2]			[3]			
[0]:		5			4			3			2			
[1]:		-1			-1			-1			1			
[2]:		4.41		-1			-1			0			
[3]:		3.41		2.41		1.41		1			

FROM[3][0]:
TO:			[0]			[1]			[2]			[3]			
[0]:		8.41		7.41		6.41		5.41		
[1]:		-1			-1			-1			4.41		
[2]:		1			-1			-1			3.41		
[3]:		0			1			2			3			

FROM[3][1]:
TO:			[0]			[1]			[2]			[3]			
[0]:		7.41		6.41		5.41		4.41		
[1]:		-1			-1			-1			3.41		
[2]:		2			-1			-1			2.41		
[3]:		1			0			1			2			

FROM[3][2]:
TO:			[0]			[1]			[2]			[3]			
[0]:		6.41		5.41		4.41		3.41		
[1]:		-1			-1			-1			2.41		
[2]:		3			-1			-1			1.41		
[3]:		2			1			0			1			

FROM[3][3]:
TO:			[0]			[1]			[2]			[3]			
[0]:		6			5			4			3			
[1]:		-1			-1			-1			2			
[2]:		4			-1			-1			1			
[3]:		3			2			1			0			


Block[3][0]:
FROM[0][0]:
TO:			[0]			[1]			[2]			[3]			
[0]:		0			1			2			3			
[1]:		1			-1			-1			3.41		
[2]:		2			-1			-1			3.82		
[3]:		3			3.41		3.82		4.23		

FROM[0][1]:
TO:			[0]			[1]			[2]			[3]			
[0]:		1			0			1			2			
[1]:		1.41		-1			-1			2.41		
[2]:		2.41		-1			-1			2.82		
[3]:		3.41		3			3.41		3.82		

FROM[0][2]:
TO:			[0]			[1]			[2]			[3]			
[0]:		2			1			0			1			
[1]:		2.41		-1			-1			1.41		
[2]:		2.82		-1			-1			2.41		
[3]:		3.82		3.41		3			3.41		

FROM[0][3]:
TO:			[0]			[1]			[2]			[3]			
[0]:		3			2			1			0			
[1]:		3.41		-1			-1			1			
[2]:		3.82		-1			-1			2			
[3]:		4.23		3.82		3.41		3			

FROM[1][0]:
TO:			[0]			[1]			[2]			[3]			
[0]:		1			1.41		2.41		3.41		
[1]:		0			-1			-1			3			
[2]:		1			-1			-1			3.41		
[3]:		2			2.41		2.82		3.82		

FROM[1][1]:
TO:			[0]			[1]			[2]			[3]			
[0]:		-1			-1			-1			-1			
[1]:		-1			-1			-1			-1			
[2]:		-1			-1			-1			-1			
[3]:		-1			-1			-1			-1			

FROM[1][2]:
TO:			[0]			[1]			[2]			[3]			
[0]:		-1			-1			-1			-1			
[1]:		-1			-1			-1			-1			
[2]:		-1			-1			-1			-1			
[3]:		-1			-1			-1			-1			

FROM[1][3]:
TO:			[0]			[1]			[2]			[3]			
[0]:		3.41		2.41		1.41		1			
[1]:		3			-1			-1			0			
[2]:		3.41		-1			-1			1			
[3]:		3.82		2.82		2.41		2			

FROM[2][0]:
TO:			[0]			[1]			[2]			[3]			
[0]:		2			2.41		2.82		3.82		
[1]:		1			-1			-1			3.41		
[2]:		0			-1			-1			3			
[3]:		1			1.41		2.41		3.41		

FROM[2][1]:
TO:			[0]			[1]			[2]			[3]			
[0]:		-1			-1			-1			-1			
[1]:		-1			-1			-1			-1			
[2]:		-1			-1			-1			-1			
[3]:		-1			-1			-1			-1			

FROM[2][2]:
TO:			[0]			[1]			[2]			[3]			
[0]:		-1			-1			-1			-1			
[1]:		-1			-1			-1			-1			
[2]:		-1			-1			-1			-1			
[3]:		-1			-1			-1			-1			

FROM[2][3]:
TO:			[0]			[1]			[2]			[3]			
[0]:		3.82		2.82		2.41		2			
[1]:		3.41		-1			-1			1			
[2]:		3			-1			-1			0			
[3]:		3.41		2.41		1.41		1			

FROM[3][0]:
TO:			[0]			[1]			[2]			[3]			
[0]:		3			3.41		3.82		4.23		
[1]:		2			-1			-1			3.82		
[2]:		1			-1			-1			3.41		
[3]:		0			1			2			3			

FROM[3][1]:
TO:			[0]			[1]			[2]			[3]			
[0]:		3.41		3			3.41		3.82		
[1]:		2.41		-1			-1			2.82		
[2]:		1.41		-1			-1			2.41		
[3]:		1			0			1			2			

FROM[3][2]:
TO:			[0]			[1]			[2]			[3]			
[0]:		3.82		3.41		3			3.41		
[1]:		2.82		-1			-1			2.41		
[2]:		2.41		-1			-1			1.41		
[3]:		2			1			0			1			

FROM[3][3]:
TO:			[0]			[1]			[2]			[3]			
[0]:		4.23		3.82		3.41		3			
[1]:		3.82		-1			-1			2			
[2]:		3.41		-1			-1			1			
[3]:		3			2			1			0			


Block[3][1]:
FROM[0][0]:
TO:			[0]			[1]			[2]			[3]			
[0]:		0			1			2			3			
[1]:		1			-1			-1			3.41		
[2]:		2			-1			-1			3.82		
[3]:		3			3.41		3.82		4.23		

FROM[0][1]:
TO:			[0]			[1]			[2]			[3]			
[0]:		1			0			1			2			
[1]:		1.41		-1			-1			2.41		
[2]:		2.41		-1			-1			2.82		
[3]:		3.41		3			3.41		3.82		

FROM[0][2]:
TO:			[0]			[1]			[2]			[3]			
[0]:		2			1			0			1			
[1]:		2.41		-1			-1			1.41		
[2]:		2.82		-1			-1			2.41		
[3]:		3.82		3.41		3			3.41		

FROM[0][3]:
TO:			[0]			[1]			[2]			[3]			
[0]:		3			2			1			0			
[1]:		3.41		-1			-1			1			
[2]:		3.82		-1			-1			2			
[3]:		4.23		3.82		3.41		3			

FROM[1][0]:
TO:			[0]			[1]			[2]			[3]			
[0]:		1			1.41		2.41		3.41		
[1]:		0			-1			-1			3			
[2]:		1			-1			-1			3.41		
[3]:		2			2.41		2.82		3.82		

FROM[1][1]:
TO:			[0]			[1]			[2]			[3]			
[0]:		-1			-1			-1			-1			
[1]:		-1			-1			-1			-1			
[2]:		-1			-1			-1			-1			
[3]:		-1			-1			-1			-1			

FROM[1][2]:
TO:			[0]			[1]			[2]			[3]			
[0]:		-1			-1			-1			-1			
[1]:		-1			-1			-1			-1			
[2]:		-1			-1			-1			-1			
[3]:		-1			-1			-1			-1			

FROM[1][3]:
TO:			[0]			[1]			[2]			[3]			
[0]:		3.41		2.41		1.41		1			
[1]:		3			-1			-1			0			
[2]:		3.41		-1			-1			1			
[3]:		3.82		2.82		2.41		2			

FROM[2][0]:
TO:			[0]			[1]			[2]			[3]			
[0]:		2			2.41		2.82		3.82		
[1]:		1			-1			-1			3.41		
[2]:		0			-1			-1			3			
[3]:		1			1.41		2.41		3.41		

FROM[2][1]:
TO:			[0]			[1]			[2]			[3]			
[0]:		-1			-1			-1			-1			
[1]:		-1			-1			-1			-1			
[2]:		-1			-1			-1			-1			
[3]:		-1			-1			-1			-1			

FROM[2][2]:
TO:			[0]			[1]			[2]			[3]			
[0]:		-1			-1			-1			-1			
[1]:		-1			-1			-1			-1			
[2]:		-1			-1			-1			-1			
[3]:		-1			-1			-1			-1			

FROM[2][3]:
TO:			[0]			[1]			[2]			[3]			
[0]:		3.82		2.82		2.41		2			
[1]:		3.41		-1			-1			1			
[2]:		3			-1			-1			0			
[3]:		3.41		2.41		1.41		1			

FROM[3][0]:
TO:			[0]			[1]			[2]			[3]			
[0]:		3			3.41		3.82		4.23		
[1]:		2			-1			-1			3.82		
[2]:		1			-1			-1			3.41		
[3]:		0			1			2			3			

FROM[3][1]:
TO:			[0]			[1]			[2]			[3]			
[0]:		3.41		3			3.41		3.82		
[1]:		2.41		-1			-1			2.82		
[2]:		1.41		-1			-1			2.41		
[3]:		1			0			1			2			

FROM[3][2]:
TO:			[0]			[1]			[2]			[3]			
[0]:		3.82		3.41		3			3.41		
[1]:		2.82		-1			-1			2.41		
[2]:		2.41		-1			-1			1.41		
[3]:		2			1			0			1			

FROM[3][3]:
TO:			[0]			[1]			[2]			[3]			
[0]:		4.23		3.82		3.41		3			
[1]:		3.82		-1			-1			2			
[2]:		3.41		-1			-1			1			
[3]:		3			2			1			0			


Block[3][2]:
FROM[0][0]:
TO:			[0]			[1]			[2]			[3]			
[0]:		0			-1			-1			-1			
[1]:		1			-1			-1			-1			
[2]:		2			-1			-1			-1			
[3]:		3			-1			-1			-1			

FROM[0][1]:
TO:			[0]			[1]			[2]			[3]			
[0]:		-1			0			-1			-1			
[1]:		-1			-1			-1			-1			
[2]:		-1			-1			-1			-1			
[3]:		-1			-1			-1			-1			

FROM[0][2]:
TO:			[0]			[1]			[2]			[3]			
[0]:		-1			-1			0			1			
[1]:		-1			-1			-1			1.41		
[2]:		-1			-1			-1			2.41		
[3]:		-1			-1			3			3.41		

FROM[0][3]:
TO:			[0]			[1]			[2]			[3]			
[0]:		-1			-1			1			0			
[1]:		-1			-1			-1			1			
[2]:		-1			-1			-1			2			
[3]:		-1			-1			3.41		3			

FROM[1][0]:
TO:			[0]			[1]			[2]			[3]			
[0]:		1			-1			-1			-1			
[1]:		0			-1			-1			-1			
[2]:		1			-1			-1			-1			
[3]:		2			-1			-1			-1			

FROM[1][1]:
TO:			[0]			[1]			[2]			[3]			
[0]:		-1			-1			-1			-1			
[1]:		-1			-1			-1			-1			
[2]:		-1			-1			-1			-1			
[3]:		-1			-1			-1			-1			

FROM[1][2]:
TO:			[0]			[1]			[2]			[3]			
[0]:		-1			-1			-1			-1			
[1]:		-1			-1			-1			-1			
[2]:		-1			-1			-1			-1			
[3]:		-1			-1			-1			-1			

FROM[1][3]:
TO:			[0]			[1]			[2]			[3]			
[0]:		-1			-1			1.41		1			
[1]:		-1			-1			-1			0			
[2]:		-1			-1			-1			1			
[3]:		-1			-1			2.41		2			

FROM[2][0]:
TO:			[0]			[1]			[2]			[3]			
[0]:		2			-1			-1			-1			
[1]:		1			-1			-1			-1			
[2]:		0			-1			-1			-1			
[3]:		1			-1			-1			-1			

FROM[2][1]:
TO:			[0]			[1]			[2]			[3]			
[0]:		-1			-1			-1			-1			
[1]:		-1			-1			-1			-1			
[2]:		-1			-1			-1			-1			
[3]:		-1			-1			-1			-1			

FROM[2][2]:
TO:			[0]			[1]			[2]			[3]			
[0]:		-1			-1			-1			-1			
[1]:		-1			-1			-1			-1			
[2]:		-1			-1			-1			-1			
[3]:		-1			-1			-1			-1			

FROM[2][3]:
TO:			[0]			[1]			[2]			[3]			
[0]:		-1			-1			2.41		2			
[1]:		-1			-1			-1			1			
[2]:		-1			-1			-1			0			
[3]:		-1			-1			1.41		1			

FROM[3][0]:
TO:			[0]			[1]			[2]			[3]			
[0]:		3			-1			-1			-1			
[1]:		2			-1			-1			-1			
[2]:		1			-1			-1			-1			
[3]:		0			-1			-1			-1			

FROM[3][1]:
TO:			[0]			[1]			[2]			[3]			
[0]:		-1			-1			-1			-1			
[1]:		-1			-1			-1			-1			
[2]:		-1			-1			-1			-1			
[3]:		-1			0			-1			-1			

FROM[3][2]:
TO:			[0]			[1]			[2]			[3]			
[0]:		-1			-1			3			3.41		
[1]:		-1			-1			-1			2.41		
[2]:		-1			-1			-1			1.41		
[3]:		-1			-1			0			1			

FROM[3][3]:
TO:			[0]			[1]			[2]			[3]			
[0]:		-1			-1			3.41		3			
[1]:		-1			-1			-1			2			
[2]:		-1			-1			-1			1			
[3]:		-1			-1			1			0			


Block[3][3]:
FROM[0][0]:
TO:			[0]			[1]			[2]			[3]			
[0]:		0			1			2			3			
[1]:		1			-1			-1			3.41		
[2]:		2			-1			-1			3.82		
[3]:		3			3.41		3.82		4.23		

FROM[0][1]:
TO:			[0]			[1]			[2]			[3]			
[0]:		1			0			1			2			
[1]:		1.41		-1			-1			2.41		
[2]:		2.41		-1			-1			2.82		
[3]:		3.41		3			3.41		3.82		

FROM[0][2]:
TO:			[0]			[1]			[2]			[3]			
[0]:		2			1			0			1			
[1]:		2.41		-1			-1			1.41		
[2]:		2.82		-1			-1			2.41		
[3]:		3.82		3.41		3			3.41		

FROM[0][3]:
TO:			[0]			[1]			[2]			[3]			
[0]:		3			2			1			0			
[1]:		3.41		-1			-1			1			
[2]:		3.82		-1			-1			2			
[3]:		4.23		3.82		3.41		3			

FROM[1][0]:
TO:			[0]			[1]			[2]			[3]			
[0]:		1			1.41		2.41		3.41		
[1]:		0			-1			-1			3			
[2]:		1			-1			-1			3.41		
[3]:		2			2.41		2.82		3.82		

FROM[1][1]:
TO:			[0]			[1]			[2]			[3]			
[0]:		-1			-1			-1			-1			
[1]:		-1			-1			-1			-1			
[2]:		-1			-1			-1			-1			
[3]:		-1			-1			-1			-1			

FROM[1][2]:
TO:			[0]			[1]			[2]			[3]			
[0]:		-1			-1			-1			-1			
[1]:		-1			-1			-1			-1			
[2]:		-1			-1			-1			-1			
[3]:		-1			-1			-1			-1			

FROM[1][3]:
TO:			[0]			[1]			[2]			[3]			
[0]:		3.41		2.41		1.41		1			
[1]:		3			-1			-1			0			
[2]:		3.41		-1			-1			1			
[3]:		3.82		2.82		2.41		2			

FROM[2][0]:
TO:			[0]			[1]			[2]			[3]			
[0]:		2			2.41		2.82		3.82		
[1]:		1			-1			-1			3.41		
[2]:		0			-1			-1			3			
[3]:		1			1.41		2.41		3.41		

FROM[2][1]:
TO:			[0]			[1]			[2]			[3]			
[0]:		-1			-1			-1			-1			
[1]:		-1			-1			-1			-1			
[2]:		-1			-1			-1			-1			
[3]:		-1			-1			-1			-1			

FROM[2][2]:
TO:			[0]			[1]			[2]			[3]			
[0]:		-1			-1			-1			-1			
[1]:		-1			-1			-1			-1			
[2]:		-1			-1			-1			-1			
[3]:		-1			-1			-1			-1			

FROM[2][3]:
TO:			[0]			[1]			[2]			[3]			
[0]:		3.82		2.82		2.41		2			
[1]:		3.41		-1			-1			1			
[2]:		3			-1			-1			0			
[3]:		3.41		2.41		1.41		1			

FROM[3][0]:
TO:			[0]			[1]			[2]			[3]			
[0]:		3			3.41		3.82		4.23		
[1]:		2			-1			-1			3.82		
[2]:		1			-1			-1			3.41		
[3]:		0			1			2			3			

FROM[3][1]:
TO:			[0]			[1]			[2]			[3]			
[0]:		3.41		3			3.41		3.82		
[1]:		2.41		-1			-1			2.82		
[2]:		1.41		-1			-1			2.41		
[3]:		1			0			1			2			

FROM[3][2]:
TO:			[0]			[1]			[2]			[3]			
[0]:		3.82		3.41		3			3.41		
[1]:		2.82		-1			-1			2.41		
[2]:		2.41		-1			-1			1.41		
[3]:		2			1			0			1			

FROM[3][3]:
TO:			[0]			[1]			[2]			[3]			
[0]:		4.23		3.82		3.41		3			
[1]:		3.82		-1			-1			2			
[2]:		3.41		-1			-1			1			
[3]:		3			2			1			0			


Block[3][4]:
FROM[0][0]:
TO:			[0]			[1]			[2]			[3]			
[0]:		0			1			2			3			
[1]:		1			-1			-1			3.41		
[2]:		2			-1			-1			3.82		
[3]:		3			3.41		3.82		4.23		

FROM[0][1]:
TO:			[0]			[1]			[2]			[3]			
[0]:		1			0			1			2			
[1]:		1.41		-1			-1			2.41		
[2]:		2.41		-1			-1			2.82		
[3]:		3.41		3			3.41		3.82		

FROM[0][2]:
TO:			[0]			[1]			[2]			[3]			
[0]:		2			1			0			1			
[1]:		2.41		-1			-1			1.41		
[2]:		2.82		-1			-1			2.41		
[3]:		3.82		3.41		3			3.41		

FROM[0][3]:
TO:			[0]			[1]			[2]			[3]			
[0]:		3			2			1			0			
[1]:		3.41		-1			-1			1			
[2]:		3.82		-1			-1			2			
[3]:		4.23		3.82		3.41		3			

FROM[1][0]:
TO:			[0]			[1]			[2]			[3]			
[0]:		1			1.41		2.41		3.41		
[1]:		0			-1			-1			3			
[2]:		1			-1			-1			3.41		
[3]:		2			2.41		2.82		3.82		

FROM[1][1]:
TO:			[0]			[1]			[2]			[3]			
[0]:		-1			-1			-1			-1			
[1]:		-1			-1			-1			-1			
[2]:		-1			-1			-1			-1			
[3]:		-1			-1			-1			-1			

FROM[1][2]:
TO:			[0]			[1]			[2]			[3]			
[0]:		-1			-1			-1			-1			
[1]:		-1			-1			-1			-1			
[2]:		-1			-1			-1			-1			
[3]:		-1			-1			-1			-1			

FROM[1][3]:
TO:			[0]			[1]			[2]			[3]			
[0]:		3.41		2.41		1.41		1			
[1]:		3			-1			-1			0			
[2]:		3.41		-1			-1			1			
[3]:		3.82		2.82		2.41		2			

FROM[2][0]:
TO:			[0]			[1]			[2]			[3]			
[0]:		2			2.41		2.82		3.82		
[1]:		1			-1			-1			3.41		
[2]:		0			-1			-1			3			
[3]:		1			1.41		2.41		3.41		

FROM[2][1]:
TO:			[0]			[1]			[2]			[3]			
[0]:		-1			-1			-1			-1			
[1]:		-1			-1			-1			-1			
[2]:		-1			-1			-1			-1			
[3]:		-1			-1			-1			-1			

FROM[2][2]:
TO:			[0]			[1]			[2]			[3]			
[0]:		-1			-1			-1			-1			
[1]:		-1			-1			-1			-1			
[2]:		-1			-1			-1			-1			
[3]:		-1			-1			-1			-1			

FROM[2][3]:
TO:			[0]			[1]			[2]			[3]			
[0]:		3.82		2.82		2.41		2			
[1]:		3.41		-1			-1			1			
[2]:		3			-1			-1			0			
[3]:		3.41		2.41		1.41		1			

FROM[3][0]:
TO:			[0]			[1]			[2]			[3]			
[0]:		3			3.41		3.82		4.23		
[1]:		2			-1			-1			3.82		
[2]:		1			-1			-1			3.41		
[3]:		0			1			2			3			

FROM[3][1]:
TO:			[0]			[1]			[2]			[3]			
[0]:		3.41		3			3.41		3.82		
[1]:		2.41		-1			-1			2.82		
[2]:		1.41		-1			-1			2.41		
[3]:		1			0			1			2			

FROM[3][2]:
TO:			[0]			[1]			[2]			[3]			
[0]:		3.82		3.41		3			3.41		
[1]:		2.82		-1			-1			2.41		
[2]:		2.41		-1			-1			1.41		
[3]:		2			1			0			1			

FROM[3][3]:
TO:			[0]			[1]			[2]			[3]			
[0]:		4.23		3.82		3.41		3			
[1]:		3.82		-1			-1			2			
[2]:		3.41		-1			-1			1			
[3]:		3			2			1			0			


Block[4][0]:
FROM[0][0]:
TO:			[0]			[1]			[2]			[3]			
[0]:		0			1			2			3			
[1]:		1			-1			-1			3.41		
[2]:		2			-1			-1			3.82		
[3]:		3			3.41		-1			4.82		

FROM[0][1]:
TO:			[0]			[1]			[2]			[3]			
[0]:		1			0			1			2			
[1]:		1.41		-1			-1			2.41		
[2]:		2.41		-1			-1			2.82		
[3]:		3.41		3			-1			3.82		

FROM[0][2]:
TO:			[0]			[1]			[2]			[3]			
[0]:		2			1			0			1			
[1]:		2.41		-1			-1			1.41		
[2]:		2.82		-1			-1			2.41		
[3]:		3.82		3.41		-1			3.41		

FROM[0][3]:
TO:			[0]			[1]			[2]			[3]			
[0]:		3			2			1			0			
[1]:		3.41		-1			-1			1			
[2]:		3.82		-1			-1			2			
[3]:		4.23		3.82		-1			3			

FROM[1][0]:
TO:			[0]			[1]			[2]			[3]			
[0]:		1			1.41		2.41		3.41		
[1]:		0			-1			-1			3			
[2]:		1			-1			-1			3.41		
[3]:		2			2.41		-1			4.41		

FROM[1][1]:
TO:			[0]			[1]			[2]			[3]			
[0]:		-1			-1			-1			-1			
[1]:		-1			-1			-1			-1			
[2]:		-1			-1			-1			-1			
[3]:		-1			-1			-1			-1			

FROM[1][2]:
TO:			[0]			[1]			[2]			[3]			
[0]:		-1			-1			-1			-1			
[1]:		-1			-1			-1			-1			
[2]:		-1			-1			-1			-1			
[3]:		-1			-1			-1			-1			

FROM[1][3]:
TO:			[0]			[1]			[2]			[3]			
[0]:		3.41		2.41		1.41		1			
[1]:		3			-1			-1			0			
[2]:		3.41		-1			-1			1			
[3]:		3.82		3.41		-1			2			

FROM[2][0]:
TO:			[0]			[1]			[2]			[3]			
[0]:		2			2.41		2.82		3.82		
[1]:		1			-1			-1			3.41		
[2]:		0			-1			-1			3			
[3]:		1			1.41		-1			4			

FROM[2][1]:
TO:			[0]			[1]			[2]			[3]			
[0]:		-1			-1			-1			-1			
[1]:		-1			-1			-1			-1			
[2]:		-1			-1			-1			-1			
[3]:		-1			-1			-1			-1			

FROM[2][2]:
TO:			[0]			[1]			[2]			[3]			
[0]:		-1			-1			-1			-1			
[1]:		-1			-1			-1			-1			
[2]:		-1			-1			-1			-1			
[3]:		-1			-1			-1			-1			

FROM[2][3]:
TO:			[0]			[1]			[2]			[3]			
[0]:		3.82		2.82		2.41		2			
[1]:		3.41		-1			-1			1			
[2]:		3			-1			-1			0			
[3]:		3.41		3			-1			1			

FROM[3][0]:
TO:			[0]			[1]			[2]			[3]			
[0]:		3			3.41		3.82		4.23		
[1]:		2			-1			-1			3.82		
[2]:		1			-1			-1			3.41		
[3]:		0			1			-1			4.41		

FROM[3][1]:
TO:			[0]			[1]			[2]			[3]			
[0]:		3.41		3			3.41		3.82		
[1]:		2.41		-1			-1			3.41		
[2]:		1.41		-1			-1			3			
[3]:		1			0			-1			4			

FROM[3][2]:
TO:			[0]			[1]			[2]			[3]			
[0]:		-1			-1			-1			-1			
[1]:		-1			-1			-1			-1			
[2]:		-1			-1			-1			-1			
[3]:		-1			-1			0			-1			

FROM[3][3]:
TO:			[0]			[1]			[2]			[3]			
[0]:		4.82		3.82		3.41		3			
[1]:		4.41		-1			-1			2			
[2]:		4			-1			-1			1			
[3]:		4.41		4			-1			0			


Block[4][1]:
FROM[0][0]:
TO:			[0]			[1]			[2]			[3]			
[0]:		0			1			2			3			
[1]:		1			-1			-1			3.41		
[2]:		2			-1			-1			3.82		
[3]:		3			-1			3.82		4.23		

FROM[0][1]:
TO:			[0]			[1]			[2]			[3]			
[0]:		1			0			1			2			
[1]:		1.41		-1			-1			2.41		
[2]:		2.41		-1			-1			2.82		
[3]:		3.41		-1			3.41		3.82		

FROM[0][2]:
TO:			[0]			[1]			[2]			[3]			
[0]:		2			1			0			1			
[1]:		2.41		-1			-1			1.41		
[2]:		2.82		-1			-1			2.41		
[3]:		3.82		-1			3			3.41		

FROM[0][3]:
TO:			[0]			[1]			[2]			[3]			
[0]:		3			2			1			0			
[1]:		3.41		-1			-1			1			
[2]:		3.82		-1			-1			2			
[3]:		4.82		-1			3.41		3			

FROM[1][0]:
TO:			[0]			[1]			[2]			[3]			
[0]:		1			1.41		2.41		3.41		
[1]:		0			-1			-1			3			
[2]:		1			-1			-1			3.41		
[3]:		2			-1			3.41		3.82		

FROM[1][1]:
TO:			[0]			[1]			[2]			[3]			
[0]:		-1			-1			-1			-1			
[1]:		-1			-1			-1			-1			
[2]:		-1			-1			-1			-1			
[3]:		-1			-1			-1			-1			

FROM[1][2]:
TO:			[0]			[1]			[2]			[3]			
[0]:		-1			-1			-1			-1			
[1]:		-1			-1			-1			-1			
[2]:		-1			-1			-1			-1			
[3]:		-1			-1			-1			-1			

FROM[1][3]:
TO:			[0]			[1]			[2]			[3]			
[0]:		3.41		2.41		1.41		1			
[1]:		3			-1			-1			0			
[2]:		3.41		-1			-1			1			
[3]:		4.41		-1			2.41		2			

FROM[2][0]:
TO:			[0]			[1]			[2]			[3]			
[0]:		2			2.41		2.82		3.82		
[1]:		1			-1			-1			3.41		
[2]:		0			-1			-1			3			
[3]:		1			-1			3			3.41		

FROM[2][1]:
TO:			[0]			[1]			[2]			[3]			
[0]:		-1			-1			-1			-1			
[1]:		-1			-1			-1			-1			
[2]:		-1			-1			-1			-1			
[3]:		-1			-1			-1			-1			

FROM[2][2]:
TO:			[0]			[1]			[2]			[3]			
[0]:		-1			-1			-1			-1			
[1]:		-1			-1			-1			-1			
[2]:		-1			-1			-1			-1			
[3]:		-1			-1			-1			-1			

FROM[2][3]:
TO:			[0]			[1]			[2]			[3]			
[0]:		3.82		2.82		2.41		2			
[1]:		3.41		-1			-1			1			
[2]:		3			-1			-1			0			
[3]:		4			-1			1.41		1			

FROM[3][0]:
TO:			[0]			[1]			[2]			[3]			
[0]:		3			3.41		3.82		4.82		
[1]:		2			-1			-1			4.41		
[2]:		1			-1			-1			4			
[3]:		0			-1			4			4.41		

FROM[3][1]:
TO:			[0]			[1]			[2]			[3]			
[0]:		-1			-1			-1			-1			
[1]:		-1			-1			-1			-1			
[2]:		-1			-1			-1			-1			
[3]:		-1			0			-1			-1			

FROM[3][2]:
TO:			[0]			[1]			[2]			[3]			
[0]:		3.82		3.41		3			3.41		
[1]:		3.41		-1			-1			2.41		
[2]:		3			-1			-1			1.41		
[3]:		4			-1			0			1			

FROM[3][3]:
TO:			[0]			[1]			[2]			[3]			
[0]:		4.23		3.82		3.41		3			
[1]:		3.82		-1			-1			2			
[2]:		3.41		-1			-1			1			
[3]:		4.41		-1			1			0			


Block[4][2]:
FROM[0][0]:
TO:			[0]			[1]			[2]			[3]			
[0]:		0			1			2			3			
[1]:		1			-1			-1			3.41		
[2]:		2			-1			-1			3.82		
[3]:		-1			3.41		3.82		-1			

FROM[0][1]:
TO:			[0]			[1]			[2]			[3]			
[0]:		1			0			1			2			
[1]:		1.41		-1			-1			2.41		
[2]:		2.41		-1			-1			2.82		
[3]:		-1			3			3.41		-1			

FROM[0][2]:
TO:			[0]			[1]			[2]			[3]			
[0]:		2			1			0			1			
[1]:		2.41		-1			-1			1.41		
[2]:		2.82		-1			-1			2.41		
[3]:		-1			3.41		3			-1			

FROM[0][3]:
TO:			[0]			[1]			[2]			[3]			
[0]:		3			2			1			0			
[1]:		3.41		-1			-1			1			
[2]:		3.82		-1			-1			2			
[3]:		-1			3.82		3.41		-1			

FROM[1][0]:
TO:			[0]			[1]			[2]			[3]			
[0]:		1			1.41		2.41		3.41		
[1]:		0			-1			-1			3			
[2]:		1			-1			-1			3.41		
[3]:		-1			2.41		2.82		-1			

FROM[1][1]:
TO:			[0]			[1]			[2]			[3]			
[0]:		-1			-1			-1			-1			
[1]:		-1			-1			-1			-1			
[2]:		-1			-1			-1			-1			
[3]:		-1			-1			-1			-1			

FROM[1][2]:
TO:			[0]			[1]			[2]			[3]			
[0]:		-1			-1			-1			-1			
[1]:		-1			-1			-1			-1			
[2]:		-1			-1			-1			-1			
[3]:		-1			-1			-1			-1			

FROM[1][3]:
TO:			[0]			[1]			[2]			[3]			
[0]:		3.41		2.41		1.41		1			
[1]:		3			-1			-1			0			
[2]:		3.41		-1			-1			1			
[3]:		-1			2.82		2.41		-1			

FROM[2][0]:
TO:			[0]			[1]			[2]			[3]			
[0]:		2			2.41		2.82		3.82		
[1]:		1			-1			-1			3.41		
[2]:		0			-1			-1			3			
[3]:		-1			2			2.41		-1			

FROM[2][1]:
TO:			[0]			[1]			[2]			[3]			
[0]:		-1			-1			-1			-1			
[1]:		-1			-1			-1			-1			
[2]:		-1			-1			-1			-1			
[3]:		-1			-1			-1			-1			

FROM[2][2]:
TO:			[0]			[1]			[2]			[3]			
[0]:		-1			-1			-1			-1			
[1]:		-1			-1			-1			-1			
[2]:		-1			-1			-1			-1			
[3]:		-1			-1			-1			-1			

FROM[2][3]:
TO:			[0]			[1]			[2]			[3]			
[0]:		3.82		2.82		2.41		2			
[1]:		3.41		-1			-1			1			
[2]:		3			-1			-1			0			
[3]:		-1			2.41		2			-1			

FROM[3][0]:
TO:			[0]			[1]			[2]			[3]			
[0]:		-1			-1			-1			-1			
[1]:		-1			-1			-1			-1			
[2]:		-1			-1			-1			-1			
[3]:		0			-1			-1			-1			

FROM[3][1]:
TO:			[0]			[1]			[2]			[3]			
[0]:		3.41		3			3.41		3.82		
[1]:		2.41		-1			-1			2.82		
[2]:		2			-1			-1			2.41		
[3]:		-1			0			1			-1			

FROM[3][2]:
TO:			[0]			[1]			[2]			[3]			
[0]:		3.82		3.41		3			3.41		
[1]:		2.82		-1			-1			2.41		
[2]:		2.41		-1			-1			2			
[3]:		-1			1			0			-1			

FROM[3][3]:
TO:			[0]			[1]			[2]			[3]			
[0]:		-1			-1			-1			-1			
[1]:		-1			-1			-1			-1			
[2]:		-1			-1			-1			-1			
[3]:		-1			-1			-1			0			


Block[4][3]:
FROM[0][0]:
TO:			[0]			[1]			[2]			[3]			
[0]:		0			1			2			3			
[1]:		1			-1			-1			3.41		
[2]:		2			-1			-1			3.82		
[3]:		3			3.41		-1			4.82		

FROM[0][1]:
TO:			[0]			[1]			[2]			[3]			
[0]:		1			0			1			2			
[1]:		1.41		-1			-1			2.41		
[2]:		2.41		-1			-1			2.82		
[3]:		3.41		3			-1			3.82		

FROM[0][2]:
TO:			[0]			[1]			[2]			[3]			
[0]:		2			1			0			1			
[1]:		2.41		-1			-1			1.41		
[2]:		2.82		-1			-1			2.41		
[3]:		3.82		3.41		-1			3.41		

FROM[0][3]:
TO:			[0]			[1]			[2]			[3]			
[0]:		3			2			1			0			
[1]:		3.41		-1			-1			1			
[2]:		3.82		-1			-1			2			
[3]:		4.23		3.82		-1			3			

FROM[1][0]:
TO:			[0]			[1]			[2]			[3]			
[0]:		1			1.41		2.41		3.41		
[1]:		0			-1			-1			3			
[2]:		1			-1			-1			3.41		
[3]:		2			2.41		-1			4.41		

FROM[1][1]:
TO:			[0]			[1]			[2]			[3]			
[0]:		-1			-1			-1			-1			
[1]:		-1			-1			-1			-1			
[2]:		-1			-1			-1			-1			
[3]:		-1			-1			-1			-1			

FROM[1][2]:
TO:			[0]			[1]			[2]			[3]			
[0]:		-1			-1			-1			-1			
[1]:		-1			-1			-1			-1			
[2]:		-1			-1			-1			-1			
[3]:		-1			-1			-1			-1			

FROM[1][3]:
TO:			[0]			[1]			[2]			[3]			
[0]:		3.41		2.41		1.41		1			
[1]:		3			-1			-1			0			
[2]:		3.41		-1			-1			1			
[3]:		3.82		3.41		-1			2			

FROM[2][0]:
TO:			[0]			[1]			[2]			[3]			
[0]:		2			2.41		2.82		3.82		
[1]:		1			-1			-1			3.41		
[2]:		0			-1			-1			3			
[3]:		1			1.41		-1			4			

FROM[2][1]:
TO:			[0]			[1]			[2]			[3]			
[0]:		-1			-1			-1			-1			
[1]:		-1			-1			-1			-1			
[2]:		-1			-1			-1			-1			
[3]:		-1			-1			-1			-1			

FROM[2][2]:
TO:			[0]			[1]			[2]			[3]			
[0]:		-1			-1			-1			-1			
[1]:		-1			-1			-1			-1			
[2]:		-1			-1			-1			-1			
[3]:		-1			-1			-1			-1			

FROM[2][3]:
TO:			[0]			[1]			[2]			[3]			
[0]:		3.82		2.82		2.41		2			
[1]:		3.41		-1			-1			1			
[2]:		3			-1			-1			0			
[3]:		3.41		3			-1			1			

FROM[3][0]:
TO:			[0]			[1]			[2]			[3]			
[0]:		3			3.41		3.82		4.23		
[1]:		2			-1			-1			3.82		
[2]:		1			-1			-1			3.41		
[3]:		0			1			-1			4.41		

FROM[3][1]:
TO:			[0]			[1]			[2]			[3]			
[0]:		3.41		3			3.41		3.82		
[1]:		2.41		-1			-1			3.41		
[2]:		1.41		-1			-1			3			
[3]:		1			0			-1			4			

FROM[3][2]:
TO:			[0]			[1]			[2]			[3]			
[0]:		-1			-1			-1			-1			
[1]:		-1			-1			-1			-1			
[2]:		-1			-1			-1			-1			
[3]:		-1			-1			0			-1			

FROM[3][3]:
TO:			[0]			[1]			[2]			[3]			
[0]:		4.82		3.82		3.41		3			
[1]:		4.41		-1			-1			2			
[2]:		4			-1			-1			1			
[3]:		4.41		4			-1			0			


Block[4][4]:
FROM[0][0]:
TO:			[0]			[1]			[2]			[3]			
[0]:		0			1			2			3			
[1]:		1			-1			-1			3.41		
[2]:		2			-1			-1			3.82		
[3]:		3			-1			3.82		4.23		

FROM[0][1]:
TO:			[0]			[1]			[2]			[3]			
[0]:		1			0			1			2			
[1]:		1.41		-1			-1			2.41		
[2]:		2.41		-1			-1			2.82		
[3]:		3.41		-1			3.41		3.82		

FROM[0][2]:
TO:			[0]			[1]			[2]			[3]			
[0]:		2			1			0			1			
[1]:		2.41		-1			-1			1.41		
[2]:		2.82		-1			-1			2.41		
[3]:		3.82		-1			3			3.41		

FROM[0][3]:
TO:			[0]			[1]			[2]			[3]			
[0]:		3			2			1			0			
[1]:		3.41		-1			-1			1			
[2]:		3.82		-1			-1			2			
[3]:		4.82		-1			3.41		3			

FROM[1][0]:
TO:			[0]			[1]			[2]			[3]			
[0]:		1			1.41		2.41		3.41		
[1]:		0			-1			-1			3			
[2]:		1			-1			-1			3.41		
[3]:		2			-1			3.41		3.82		

FROM[1][1]:
TO:			[0]			[1]			[2]			[3]			
[0]:		-1			-1			-1			-1			
[1]:		-1			-1			-1			-1			
[2]:		-1			-1			-1			-1			
[3]:		-1			-1			-1			-1			

FROM[1][2]:
TO:			[0]			[1]			[2]			[3]			
[0]:		-1			-1			-1			-1			
[1]:		-1			-1			-1			-1			
[2]:		-1			-1			-1			-1			
[3]:		-1			-1			-1			-1			

FROM[1][3]:
TO:			[0]			[1]			[2]			[3]			
[0]:		3.41		2.41		1.41		1			
[1]:		3			-1			-1			0			
[2]:		3.41		-1			-1			1			
[3]:		4.41		-1			2.41		2			

FROM[2][0]:
TO:			[0]			[1]			[2]			[3]			
[0]:		2			2.41		2.82		3.82		
[1]:		1			-1			-1			3.41		
[2]:		0			-1			-1			3			
[3]:		1			-1			3			3.41		

FROM[2][1]:
TO:			[0]			[1]			[2]			[3]			
[0]:		-1			-1			-1			-1			
[1]:		-1			-1			-1			-1			
[2]:		-1			-1			-1			-1			
[3]:		-1			-1			-1			-1			

FROM[2][2]:
TO:			[0]			[1]			[2]			[3]			
[0]:		-1			-1			-1			-1			
[1]:		-1			-1			-1			-1			
[2]:		-1			-1			-1			-1			
[3]:		-1			-1			-1			-1			

FROM[2][3]:
TO:			[0]			[1]			[2]			[3]			
[0]:		3.82		2.82		2.41		2			
[1]:		3.41		-1			-1			1			
[2]:		3			-1			-1			0			
[3]:		4			-1			1.41		1			

FROM[3][0]:
TO:			[0]			[1]			[2]			[3]			
[0]:		3			3.41		3.82		4.82		
[1]:		2			-1			-1			4.41		
[2]:		1			-1			-1			4			
[3]:		0			-1			4			4.41		

FROM[3][1]:
TO:			[0]			[1]			[2]			[3]			
[0]:		-1			-1			-1			-1			
[1]:		-1			-1			-1			-1			
[2]:		-1			-1			-1			-1			
[3]:		-1			0			-1			-1			

FROM[3][2]:
TO:			[0]			[1]			[2]			[3]			
[0]:		3.82		3.41		3			3.41		
[1]:		3.41		-1			-1			2.41		
[2]:		3			-1			-1			1.41		
[3]:		4			-1			0			1			

FROM[3][3]:
TO:			[0]			[1]			[2]			[3]			
[0]:		4.23		3.82		3.41		3			
[1]:		3.82		-1			-1			2			
[2]:		3.41		-1			-1			1			
[3]:		4.41		-1			1			0			

